1
2
5
9
15
16
21
22
29
36
43
44
50
51
61
73
83
93
105
117
124
135
145
156
168
179
182
187
190
198
199
202
213
216
227
230
241
244
254
257
268
269
272
282
285
298
301
312
315
322
325
336
337
340
350
363
378
379
392
393
409
423
440
458
476
493
510
511
527
545
564
581
598
599
612
629
630
646
647
667
685
703
722
738
754
773
792
793
811
831
850
863
882
898
918
919
936
955
967
982
983
1000
1018
1036
1054
1072
1073
1090
1105
1106
1122
1136
1152
1169
1185
1202
1215
1234
1253
1254
1273
1291
1310
1328
1333
1345
1346
1351
1366
1371
1383
1388
1403
1408
1425
1430
1445
1446
1459
1463
1464
1479
1480
1497
1515
1532
1552
1571
1575
1584
1588
1589
1602
1617
1632
1646
1656
1662
1667
1673
1677
1683
1695
1701
1711
1717
1730
1736
1746
1752
1763
1779
1796
1797
1818
1839
1860
1880
1899
1915
1937
1938
1961
1983
2004
2026
2046
2067
2090
2113
2114
2131
2148
2149
2170
2189
2211
2232
2254
2276
2298
2319
2338
2359
2377
2378
2401
2424
2444
2464
2486
2508
2509
2530
2546
2563
2564
2586
2605
2624
2645
2664
2684
2703
2724
2743
2758
2776
2777
2795
2796
2814
2834
2854
2877
2898
2918
2937
2957
2965
2975
2979
2980
2988
3003
3011
3022
3030
3042
3050
3064
3082
3083
3104
3126
3127
3147
3169
3181
3196
3212
3228
3241
3250
3259
3260
3269
3278
3279
3288
3299
3308
3320
3321
3330
3341
3350
3357
3366
3377
3397
3398
3423
3447
3468
3491
3492
3514
3515
3541
3542
3567
3591
3616
3617
3636
3661
3687
3712
3736
3755
3756
3774
3795
3818
3842
3866
3889
3906
3929
3952
3975
3999
4018
4042
4067
4092
4093
4115
4138
4161
4183
4194
4207
4208
4219
4235
4246
4262
4273
4287
4298
4313
4314
4333
4337
4338
4362
4386
4409
4432
4455
4476
4501
4502
4518
4536
4537
4559
4577
4600
4618
4639
4662
4684
4697
4703
4716
4725
4738
4748
4761
4772
4785
4795
4808
4819
4832
4841
4866
4867
4894
4895
4922
4946
4973
4996
5022
5049
5050
5076
5104
5105
5131
5155
5156
5181
5209
5235
5264
5290
5319
5346
5374
5402
5431
5432
5461
5490
5519
5520
5548
5578
5604
5605
5630
5631
5659
5689
5716
5743
5766
5767
5791
5792
5818
5844
5871
5897
5898
5925
5953
5980
6008
6035
6050
6060
6064
6065
6080
6097
6112
6125
6140
6155
6176
6203
6233
6260
6287
6303
6307
6308
6331
6351
6373
6394
6407
6415
6416
6429
6441
6442
6455
6465
6478
6490
6503
6514
6535
6557
6558
6582
6583
6610
6636
6664
6691
6718
6745
6746
6773
6774
6801
6802
6832
6861
6891
6892
6922
6950
6973
7004
7033
7060
7082
7106
7129
7133
7134
7161
7189
7217
7244
7262
7284
7288
7289
7316
7344
7372
7398
7421
7445
7446
7473
7502
7503
7532
7533
7560
7589
7617
7644
7659
7669
7670
7685
7697
7698
7713
7730
7745
7760
7775
7788
7803
7817
7832
7847
7862
7876
7905
7932
7960
7986
8007
8027
8044
8062
8074
8080
8092
8097
8109
8120
8132
8143
8155
8165
8177
8188
8208
8234
8260
8282
8307
8308
8335
8363
8387
8415
8445
8472
8496
8520
8521
8544
8572
8573
8600
8601
8622
8642
8665
8691
8717
8743
8766
8767
8795
8820
8846
8872
8900
8914
8924
8928
8929
8943
8959
8973
8987
9001
9015
9029
9044
9045
9071
9099
9123
9137
9138
9157
9173
9188
9207
9225
9241
9259
9270
9279
9280
9291
9301
9312
9320
9331
9342
9353
9362
9382
9408
9429
9454
9476
9497
9519
9520
9547
9574
9601
9628
9649
9673
9674
9697
9698
9724
9751
9780
9807
9833
9860
9861
9884
9905
9929
9930
9956
9982
10009
10010
10038
10065
10084
10108
10133
10157
10178
10182
10183
10209
10234
10260
10286
10299
10308
10321
10332
10345
10362
10375
10389
10402
10416
10429
10445
10472
10495
10521
10536
10557
10573
10595
10607
10611
10623
10633
10645
10657
10669
10681
10693
10703
10715
10726
10749
10750
10777
10804
10831
10858
10859
10885
10909
10910
10939
10968
10996
10997
11024
11052
11079
11107
11130
11152
11181
11209
11232
11259
11282
11283
11310
11336
11361
11383
11409
11434
11460
11461
11486
11487
11511
11538
11561
11587
11615
11616
11630
11640
11654
11666
11667
11681
11698
11712
11727
11741
11757
11771
11784
11805
11834
11857
11883
11898
11918
11940
11962
11983
12001
12023
12043
12056
12061
12074
12081
12094
12107
12120
12132
12145
12156
12169
12179
12192
12202
12215
12227
12228
12250
12251
12279
12302
12331
12354
12378
12379
12408
12437
12466
12492
12493
12522
12552
12579
12603
12630
12659
12688
12716
12734
12755
12783
12812
12838
12864
12889
12890
12919
12945
12972
12999
13014
13025
13040
13054
13069
13085
13104
13130
13131
13159
13187
13188
13215
13244
13272
13300
13328
13342
13359
13360
13379
13400
13420
13439
13458
13470
13481
13493
13504
13516
13528
13529
13541
13552
13564
13575
13587
13599
13600
13620
13645
13671
13697
13719
13744
13767
13792
13814
13840
13841
13865
13893
13923
13952
13981
14011
14034
14035
14062
14091
14117
14144
14168
14169
14192
14219
14246
14266
14292
14293
14319
14345
14371
14396
14422
14423
14450
14477
14501
14515
14524
14538
14554
14568
14579
14593
14607
14621
14637
14658
14684
14708
14734
14763
14777
14791
14812
14813
14832
14853
14865
14871
14872
14884
14896
14908
14919
14931
14942
14943
14955
14968
14980
14992
15012
15039
15061
15086
15111
15134
15135
15162
15192
15220
15249
15276
15304
15328
15352
15353
15380
15408
15437
15464
15490
15516
15543
15570
15596
15616
15639
15640
15666
15693
15719
15745
15770
15796
15822
15844
15868
15869
15894
15921
15945
15971
15985
15995
16009
16024
16038
16054
16055
16069
16084
16098
16113
16134
16155
16182
16209
16210
16235
16261
16281
16303
16322
16334
16339
16351
16359
16371
16384
16396
16407
16427
16455
16481
16509
16536
16558
16585
16612
16641
16663
16692
16716
16743
16770
16798
16822
16823
16851
16852
16878
16905
16928
16929
16951
16952
16975
16998
17025
17049
17074
17100
17126
17127
17152
17153
17179
17206
17233
17259
17287
17301
17310
17324
17340
17354
17369
17383
17399
17413
17428
17429
17451
17455
17456
17480
17508
17536
17551
17572
17594
17614
17634
17655
17676
17697
17710
17715
17728
17735
17748
17761
17774
17785
17798
17808
17821
17831
17844
17854
17867
17879
17902
17926
17927
17953
17980
17981
18005
18032
18058
18083
18112
18142
18171
18172
18200
18224
18225
18254
18281
18311
18340
18369
18399
18426
18448
18472
18499
18527
18528
18552
18553
18582
18610
18639
18654
18667
18668
18683
18699
18700
18715
18730
18745
18760
18775
18786
18811
18812
18840
18869
18896
18901
18916
18917
18922
18938
18943
18957
18962
18980
18985
19001
19006
19023
19028
19037
19043
19048
19057
19065
19070
19079
19090
19095
19104
19115
19120
19129
19140
19145
19154
19166
19167
19172
19192
19193
19198
19222
19227
19251
19256
19272
19277
19302
19303
19308
19335
19340
19365
19370
19391
19396
19420
19425
19441
19446
19467
19472
19497
19502
19528
19529
19534
19555
19560
19585
19590
19615
19620
19639
19644
19664
19665
19670
19694
19695
19700
19723
19728
19752
19757
19783
19788
19812
19817
19840
19845
19869
19874
19897
19902
19916
19921
19940
19945
19968
19973
19995
20000
20022
20027
20048
20049
20054
20079
20084
20107
20112
20137
20142
20153
20166
20167
20172
20183
20195
20200
20211
20226
20231
20242
20256
20261
20272
20287
20292
20316
20321
20347
20352
20376
20381
20395
20396
20401
20419
20424
20441
20446
20464
20469
20485
20490
20499
20507
20508
20513
20522
20534
20539
20548
20559
20560
20565
20574
20584
20589
20598
20610
20615
20635
20636
20641
20663
20668
20689
20694
20718
20723
20746
20751
20773
20774
20779
20804
20809
20833
20838
20861
20866
20892
20897
20922
20927
20949
20954
20978
20983
21001
21006
21027
21028
21033
21057
21062
21087
21088
21093
21118
21123
21147
21148
21153
21176
21181
21205
21210
21227
21232
21254
21259
21282
21287
21311
21312
21317
21341
21346
21365
21366
21371
21396
21401
21425
21430
21453
21458
21481
21486
21497
21510
21511
21516
21527
21540
21541
21546
21557
21574
21579
21590
21606
21611
21622
21636
21641
21652
21666
21671
21682
21698
21703
21714
21730
21735
21746
21759
21764
21783
21784
21789
21810
21811
21816
21840
21845
21871
21876
21901
21906
21930
21935
21959
21960
21965
21986
21991
22016
22021
22036
22037
22042
22059
22064
22080
22085
22101
22106
22115
22123
22124
22129
22138
22150
22155
22164
22175
22180
22189
22201
22206
22215
22227
22232
22251
22256
22279
22284
22305
22310
22330
22335
22360
22361
22366
22393
22398
22424
22429
22451
22456
22476
22477
22482
22507
22512
22537
22542
22563
22568
22588
22589
22594
22619
22624
22644
22649
22671
22676
22695
22696
22701
22724
22729
22749
22754
22775
22780
22803
22808
22829
22830
22835
22859
22864
22884
22889
22911
22916
22927
22943
22948
22959
22975
22980
22991
23006
23007
23012
23023
23037
23042
23053
23068
23073
23096
23101
23125
23130
23153
23158
23182
23187
23210
23214
23225
23229
23246
23250
23268
23269
23273
23291
23295
23312
23316
23332
23336
23354
23358
23375
23376
23380
23389
23398
23399
23403
23412
23424
23428
23437
23448
23452
23461
23474
23478
23495
23499
23516
23520
23543
23547
23569
23573
23596
23600
23620
23624
23650
23654
23680
23684
23709
23713
23738
23742
23767
23771
23795
23799
23825
23829
23852
23856
23875
23879
23903
23907
23932
23936
23961
23965
23983
23987
24010
24014
24039
24040
24044
24068
24072
24093
24094
24098
24121
24125
24148
24152
24176
24180
24200
24201
24205
24230
24234
24254
24258
24282
24283
24287
24298
24314
24318
24329
24344
24348
24359
24374
24378
24389
24406
24410
24421
24436
24437
24441
24459
24463
24487
24488
24492
24515
24519
24543
24547
24573
24577
24600
24604
24628
24629
24633
24649
24653
24670
24674
24691
24695
24705
24706
24710
24719
24728
24732
24741
24751
24755
24764
24777
24781
24790
24802
24806
24815
24825
24829
24845
24849
24873
24877
24900
24904
24927
24931
24950
24954
24973
24977
25002
25006
25028
25032
25058
25062
25086
25090
25116
25120
25144
25148
25171
25172
25176
25201
25202
25206
25230
25234
25259
25263
25288
25292
25316
25320
25342
25346
25365
25366
25370
25393
25397
25421
25425
25450
25454
25478
25482
25503
25504
25508
25532
25536
25559
25563
25584
25588
25610
25614
25632
25636
25657
25658
25662
25686
25687
25691
25715
25719
25744
25745
25749
25772
25776
25800
25804
25828
25832
25856
25857
25861
25872
25882
25883
25887
25898
25912
25916
25927
25942
25946
25957
25973
25977
25988
26004
26008
26019
26033
26037
26048
26062
26066
26086
26090
26112
26116
26139
26143
26168
26172
26193
26197
26221
26226
26237
26242
26261
26266
26284
26285
26290
26308
26313
26322
26331
26332
26337
26346
26359
26364
26373
26383
26388
26397
26409
26414
26428
26433
26456
26461
26483
26488
26512
26517
26540
26545
26567
26568
26573
26595
26600
26624
26629
26653
26658
26681
26686
26712
26713
26718
26744
26749
26773
26778
26801
26806
26830
26831
26836
26862
26867
26892
26897
26923
26928
26945
26950
26973
26978
27002
27007
27029
27034
27057
27058
27063
27087
27092
27114
27119
27134
27139
27160
27161
27166
27187
27192
27216
27221
27241
27246
27269
27274
27297
27302
27313
27325
27326
27331
27342
27355
27356
27361
27372
27384
27389
27400
27414
27419
27430
27443
27448
27466
27471
27491
27492
27497
27518
27519
27524
27549
27554
27579
27580
27585
27610
27615
27639
27644
27669
27674
27695
27700
27724
27728
27739
27743
27753
27757
27774
27778
27795
27796
27800
27817
27821
27839
27843
27861
27862
27866
27883
27887
27903
27907
27920
27924
27940
27944
27957
27961
27977
27981
27990
27996
28000
28009
28017
28018
28022
28031
28038
28042
28051
28061
28065
28074
28082
28086
28095
28106
28110
28119
28131
28135
28144
28153
28157
28166
28176
28180
28189
28201
28205
28214
28226
28230
28239
28250
28254
28263
28274
28275
28279
28303
28307
28329
28333
28356
28360
28382
28386
28410
28414
28436
28440
28461
28465
28485
28489
28509
28510
28514
28539
28543
28565
28569
28593
28597
28618
28622
28646
28650
28673
28677
28698
28702
28726
28730
28755
28759
28783
28787
28811
28815
28841
28845
28869
28873
28893
28897
28921
28922
28926
28949
28953
28978
28982
29006
29010
29030
29034
29058
29062
29082
29086
29106
29107
29111
29130
29134
29157
29161
29185
29189
29212
29216
29238
29242
29261
29265
29288
29292
29314
29318
29333
29337
29361
29365
29389
29390
29394
29420
29424
29448
29452
29477
29481
29506
29507
29511
29522
29535
29536
29540
29551
29563
29564
29568
29579
29591
29595
29606
29621
29625
29636
29650
29654
29665
29680
29684
29695
29709
29713
29733
29737
29757
29758
29762
29785
29789
29810
29814
29838
29842
29866
29867
29871
29895
29899
29922
29931
29951
29969
29989
29990
30009
30029
30047
30067
30078
30083
30094
30103
30104
30115
30126
30137
30150
30161
30173
30184
30193
30204
30214
30225
30237
30248
30260
30271
30281
30297
30319
30320
30343
30368
30395
30419
30443
30469
30494
30520
30543
30544
30570
30597
30626
30651
30678
30704
30729
30750
30774
30775
30802
30829
30855
30882
30908
30935
30958
30984
31004
31025
31026
31050
31051
31078
31105
31131
31158
31159
31185
31207
31232
31258
31285
31311
31337
31338
31357
31379
31380
31405
31429
31454
31479
31504
31505
31530
31555
31576
31580
31581
31607
31632
31658
31684
31710
31735
31748
31758
31771
31780
31793
31809
31822
31838
31839
31852
31866
31879
31892
31905
31921
31934
31948
31975
32000
32026
32053
32079
32080
32107
32124
32140
32162
32185
32186
32210
32233
32257
32280
32304
32305
32328
32343
32349
32353
32354
32369
32380
32395
32406
32421
32433
32434
32449
32461
32476
32485
32500
32511
32534
32557
32585
32616
32646
32675
32706
32735
32763
32764
32793
32794
32822
32823
32854
32884
32914
32943
32973
33002
33027
33057
33085
33117
33149
33150
33181
33211
33241
33265
33292
33293
33319
33320
33349
33376
33406
33435
33465
33495
33524
33550
33572
33598
33599
33629
33657
33686
33717
33744
33772
33803
33832
33833
33858
33886
33887
33914
33944
33973
34003
34033
34064
34095
34125
34142
34151
34168
34180
34181
34198
34209
34210
34227
34239
34256
34271
34288
34302
34319
34332
34356
34379
34406
34436
34466
34492
34521
34550
34579
34600
34601
34625
34649
34674
34701
34726
34751
34773
34798
34815
34820
34837
34841
34858
34866
34867
34884
34895
34912
34923
34940
34950
34967
34979
34980
34997
35005
35022
35033
35050
35061
35078
35088
35105
35113
35130
35141
35166
35190
35218
35219
35249
35282
35313
35343
35373
35405
35432
35459
35489
35522
35551
35583
35614
35647
35680
35681
35714
35746
35779
35811
35842
35874
35909
35935
35965
35966
35998
36032
36064
36096
36097
36130
36131
36163
36195
36223
36224
36255
36287
36318
36348
36377
36407
36436
36462
36494
36525
36557
36590
36621
36650
36669
36679
36698
36708
36709
36728
36742
36761
36773
36792
36807
36826
36841
36860
36875
36894
36910
36929
36944
36973
36974
37002
37003
37034
37067
37100
37101
37133
37164
37193
37224
37235
37242
37253
37261
37272
37284
37285
37296
37310
37321
37335
37346
37362
37373
37388
37399
37413
37414
37425
37439
37450
37462
37473
37479
37484
37495
37501
37511
37522
37528
37536
37547
37553
37565
37576
37582
37594
37595
37606
37612
37625
37636
37642
37653
37664
37678
37689
37707
37708
37719
37738
37749
37768
37779
37798
37809
37826
37837
37857
37858
37869
37888
37899
37919
37930
37949
37960
37979
37990
38010
38011
38022
38040
38041
38052
38076
38087
38108
38119
38142
38153
38176
38177
38188
38209
38220
38240
38251
38270
38281
38303
38314
38336
38337
38348
38369
38380
38397
38408
38428
38429
38440
38462
38473
38495
38496
38507
38529
38540
38563
38564
38575
38599
38610
38631
38642
38664
38675
38697
38698
38709
38730
38741
38762
38773
38790
38791
38802
38819
38830
38852
38863
38884
38895
38915
38926
38947
38958
38977
38988
38999
39010
39026
39037
39057
39068
39085
39096
39117
39128
39145
39156
39177
39188
39203
39214
39233
39234
39245
39267
39268
39279
39302
39313
39333
39344
39364
39375
39395
39406
39426
39437
39445
39459
39470
39478
39492
39503
39511
39528
39539
39547
39561
39572
39580
39594
39605
39613
39627
39638
39654
39665
39680
39691
39714
39725
39745
39756
39776
39787
39807
39818
39840
39851
39872
39883
39891
39902
39914
39915
39926
39940
39951
39962
39973
39988
39999
40013
40014
40025
40040
40051
40065
40076
40090
40101
40115
40116
40127
40133
40143
40154
40160
40170
40181
40187
40199
40200
40211
40217
40230
40241
40247
40256
40267
40273
40281
40292
40303
40314
40328
40339
40353
40364
40381
40392
40413
40424
40445
40456
40477
40478
40489
40511
40522
40543
40554
40574
40585
40605
40606
40617
40637
40638
40649
40666
40670
40671
40682
40703
40714
40737
40748
40771
40772
40783
40805
40816
40838
40849
40871
40872
40883
40905
40916
40931
40942
40958
40969
40990
41001
41022
41033
41055
41066
41088
41099
41121
41132
41154
41165
41187
41198
41221
41222
41233
41256
41267
41285
41286
41297
41315
41316
41327
41349
41360
41381
41392
41413
41424
41444
41455
41466
41477
41492
41503
41523
41524
41535
41554
41565
41586
41597
41617
41628
41649
41660
41676
41687
41707
41718
41737
41748
41767
41778
41793
41804
41818
41829
41844
41855
41873
41874
41885
41906
41907
41918
41941
41952
41973
41984
42005
42016
42037
42048
42069
42080
42100
42111
42132
42143
42160
42171
42179
42190
42201
42209
42217
42228
42236
42248
42249
42260
42268
42282
42293
42301
42315
42326
42334
42349
42360
42368
42383
42394
42402
42417
42428
42436
42450
42461
42473
42484
42500
42511
42531
42542
42563
42574
42592
42603
42625
42636
42657
42668
42688
42699
42709
42720
42727
42738
42752
42753
42764
42780
42791
42806
42807
42818
42833
42844
42857
42868
42878
42889
42895
42902
42903
42914
42920
42927
42938
42944
42956
42967
42973
42985
42986
42997
43003
43013
43024
43030
43042
43053
43059
43068
43079
43093
43104
43120
43131
43144
43155
43172
43183
43204
43215
43235
43246
43266
43277
43298
43299
43310
43331
43342
43360
43361
43372
43390
43401
43425
43436
43457
43468
43489
43500
43520
43531
43549
43560
43582
43593
43614
43625
43646
43657
43678
43689
43708
43719
43742
43753
43775
43776
43787
43811
43822
43838
43849
43865
43876
43892
43893
43904
43927
43938
43958
43969
43990
44001
44022
44033
44055
44066
44088
44089
44100
44114
44125
44143
44144
44155
44177
44188
44207
44218
44238
44249
44270
44271
44282
44303
44314
44333
44344
44364
44375
44394
44405
44423
44424
44435
44453
44454
44465
44487
44498
44519
44530
44551
44562
44584
44595
44614
44625
44634
44639
44650
44658
44668
44679
44687
44702
44703
44714
44722
44739
44750
44758
44772
44783
44791
44806
44817
44825
44839
44850
44858
44874
44885
44893
44910
44921
44929
44945
44956
44964
44979
44990
44998
45013
45014
45025
45044
45045
45056
45073
45074
45085
45105
45116
45139
45150
45170
45181
45202
45213
45234
45245
45265
45276
45298
45299
45309
45318
45328
45337
45338
45348
45359
45360
45370
45385
45395
45409
45419
45434
45435
45445
45460
45470
45482
45492
45505
45515
45525
45535
45541
45550
45551
45561
45567
45574
45575
45585
45591
45602
45612
45618
45630
45640
45646
45657
45658
45668
45674
45686
45696
45702
45713
45723
45729
45739
45749
45768
45778
45796
45806
45826
45836
45858
45868
45887
45897
45915
45925
45946
45956
45976
45986
46002
46012
46029
46030
46040
46060
46061
46071
46094
46104
46126
46136
46160
46170
46192
46202
46223
46233
46255
46265
46287
46297
46319
46329
46352
46362
46385
46386
46396
46417
46427
46443
46453
46473
46474
46484
46506
46507
46517
46540
46550
46571
46581
46602
46612
46635
46645
46668
46669
46679
46698
46699
46709
46727
46728
46738
46756
46766
46787
46797
46817
46827
46848
46849
46859
46880
46890
46910
46920
46931
46941
46961
46971
46990
47000
47021
47031
47052
47053
47063
47083
47093
47112
47122
47141
47142
47152
47171
47172
47182
47198
47202
47203
47213
47235
47245
47266
47276
47297
47307
47328
47329
47339
47347
47356
47366
47374
47382
47392
47400
47412
47422
47430
47445
47455
47463
47477
47487
47495
47511
47521
47529
47543
47553
47561
47577
47587
47595
47609
47619
47640
47650
47671
47672
47682
47703
47713
47731
47741
47762
47772
47793
47794
47804
47814
47824
47832
47842
47855
47865
47880
47890
47904
47914
47929
47930
47940
47954
47964
47978
47988
48003
48013
48019
48028
48029
48039
48045
48053
48054
48064
48070
48082
48092
48098
48109
48119
48125
48132
48142
48148
48158
48168
48174
48183
48193
48199
48210
48220
48226
48238
48248
48264
48265
48275
48294
48304
48324
48334
48353
48363
48382
48392
48412
48422
48441
48451
48469
48479
48499
48500
48510
48531
48541
48561
48571
48593
48603
48627
48637
48659
48669
48690
48700
48721
48731
48754
48764
48787
48797
48819
48829
48842
48852
48872
48873
48883
48902
48903
48913
48932
48942
48965
48975
48998
48999
49009
49029
49039
49060
49070
49091
49101
49124
49134
49155
49165
49181
49185
49186
49196
49214
49215
49225
49246
49256
49277
49287
49309
49319
49339
49349
49367
49377
49398
49408
49422
49432
49449
49450
49460
49480
49490
49511
49521
49540
49550
49570
49580
49599
49609
49621
49631
49652
49662
49683
49684
49694
49715
49725
49747
49757
49779
49789
49810
49820
49841
49851
49872
49873
49883
49903
49913
49932
49942
49951
49956
49966
49974
49986
49987
49997
50005
50019
50029
50037
50052
50062
50070
50086
50096
50104
50118
50128
50136
50152
50162
50170
50183
50193
50201
50217
50227
50235
50250
50260
50276
50286
50301
50311
50328
50338
50359
50369
50387
50397
50419
50429
50450
50460
50480
50490
50510
50520
50541
50551
50568
50578
50597
50608
50612
50623
50631
50642
50653
50654
50665
50674
50678
50679
50690
50705
50716
50730
50741
50756
50757
50768
50784
50795
50809
50820
50833
50844
50857
50868
50882
50893
50909
50920
50933
50944
50957
50968
50974
50978
50989
50995
51000
51011
51017
51025
51026
51037
51043
51054
51065
51071
51082
51093
51099
51111
51122
51128
51140
51151
51157
51168
51179
51185
51194
51205
51211
51220
51231
51237
51245
51256
51262
51273
51284
51298
51309
51323
51334
51352
51353
51364
51382
51393
51410
51421
51441
51452
51469
51480
51501
51512
51532
51543
51563
51574
51593
51604
51623
51634
51651
51662
51678
51689
51710
51721
51744
51755
51776
51787
51805
51816
51840
51851
51872
51883
51899
51910
51930
51931
51942
51963
51974
51993
52004
52025
52036
52057
52068
52090
52101
52123
52134
52149
52160
52175
52186
52205
52206
52217
52238
52249
52271
52282
52302
52313
52333
52344
52365
52376
52396
52407
52422
52426
52427
52438
52459
52470
52489
52500
52517
52528
52548
52559
52578
52589
52609
52610
52621
52638
52649
52668
52679
52697
52708
52729
52740
52761
52772
52794
52805
52826
52837
52845
52857
52858
52869
52877
52889
52890
52901
52909
52924
52935
52943
52958
52969
52977
52991
53002
53010
53025
53036
53044
53059
53070
53078
53092
53103
53123
53134
53156
53167
53186
53197
53218
53229
53251
53262
53283
53284
53295
53318
53328
53335
53345
53353
53363
53374
53384
53399
53409
53424
53425
53435
53450
53460
53476
53486
53499
53509
53515
53519
53529
53535
53540
53550
53556
53564
53565
53575
53581
53589
53599
53605
53617
53627
53633
53644
53654
53660
53670
53680
53686
53697
53707
53713
53724
53734
53752
53753
53763
53779
53780
53790
53811
53812
53822
53844
53854
53873
53883
53902
53912
53933
53934
53944
53965
53975
53995
53996
54006
54023
54027
54028
54038
54061
54071
54093
54103
54124
54134
54155
54165
54187
54197
54215
54225
54247
54257
54275
54285
54307
54317
54340
54341
54351
54375
54385
54406
54416
54438
54448
54462
54472
54487
54497
54515
54516
54526
54548
54558
54579
54589
54609
54619
54637
54647
54668
54678
54699
54709
54730
54740
54761
54762
54772
54792
54802
54822
54832
54852
54862
54875
54885
54904
54914
54933
54943
54962
54972
54989
54999
55020
55030
55049
55059
55076
55086
55107
55117
55136
55146
55161
55171
55190
55191
55201
55223
55233
55254
55264
55285
55295
55317
55318
55328
55350
55360
55381
55391
55412
55422
55430
55439
55449
55457
55470
55471
55481
55489
55505
55506
55516
55524
55541
55551
55559
55572
55582
55590
55604
55614
55622
55636
55646
55654
55668
55678
55686
55700
55710
55732
55742
55763
55773
55794
55804
55824
55834
55855
55865
55882
55896
55915
55935
55954
55974
55975
55996
56016
56028
56034
56046
56052
56064
56072
56073
56085
56094
56106
56117
56129
56137
56149
56159
56171
56182
56194
56206
56218
56229
56250
56274
56275
56300
56326
56353
56354
56376
56401
56427
56452
56477
56478
56502
56531
56559
56560
56587
56612
56613
56642
56669
56697
56720
56748
56776
56799
56825
56849
56875
56901
56902
56924
56950
56974
57001
57027
57041
57052
57066
57080
57094
57109
57123
57140
57162
57163
57190
57218
57219
57247
57266
57289
57311
57332
57356
57380
57381
57397
57402
57418
57429
57445
57457
57458
57474
57485
57501
57512
57536
57568
57599
57600
57630
57659
57660
57692
57725
57726
57758
57789
57818
57844
57875
57908
57939
57965
57990
58018
58049
58078
58106
58137
58161
58193
58224
58225
58256
58281
58312
58344
58345
58377
58378
58408
58436
58467
58485
58494
58512
58528
58546
58562
58563
58581
58596
58614
58631
58649
58662
58680
58694
58712
58728
58753
58783
58815
58847
58848
58878
58894
58918
58945
58970
58993
59011
59016
59034
59045
59063
59071
59089
59101
59119
59130
59148
59158
59184
59217
59249
59278
59307
59335
59369
59370
59405
59439
59474
59509
59542
59573
59606
59633
59666
59701
59736
59770
59803
59835
59869
59893
59923
59924
59958
59991
60024
60052
60053
60084
60115
60141
60174
60207
60240
60273
60306
60326
60342
60362
60377
60397
60413
60433
60449
60480
60481
60515
60548
60560
60570
60582
60595
60607
60621
60633
60647
60659
60665
60673
60674
60686
60692
60703
60715
60721
60729
60741
60747
60758
60770
60787
60788
60800
60820
60832
60851
60863
60884
60896
60916
60928
60947
60948
60960
60978
60990
61012
61024
61044
61056
61071
61083
61105
61117
61138
61150
61171
61183
61204
61216
61234
61246
61268
61280
61301
61302
61314
61334
61346
61365
61377
61397
61409
61428
61440
61458
61459
61471
61493
61505
61527
61539
61547
61557
61569
61577
61594
61606
61614
61630
61642
61650
61666
61667
61679
61687
61701
61713
61721
61736
61748
61767
61768
61780
61802
61814
61835
61847
61856
61868
61883
61895
61909
61921
61934
61946
61952
61962
61974
61980
61993
62005
62011
62022
62034
62040
62051
62052
62064
62070
62078
62090
62096
62107
62119
62125
62136
62137
62149
62163
62175
62189
62201
62220
62232
62252
62264
62283
62295
62314
62326
62347
62348
62360
62378
62390
62409
62410
62422
62446
62458
62479
62491
62512
62524
62539
62551
62572
62584
62604
62616
62639
62651
62671
62683
62701
62713
62733
62745
62756
62768
62782
62794
62813
62825
62845
62857
62877
62889
62904
62916
62935
62947
62968
62980
63001
63013
63034
63035
63047
63055
63067
63068
63080
63088
63099
63111
63119
63134
63146
63154
63169
63181
63189
63205
63206
63218
63226
63239
63251
63259
63273
63285
63293
63309
63321
63329
63343
63355
63374
63375
63387
63408
63420
63438
63450
63468
63480
63500
63512
63532
63544
63562
63574
63594
63606
63614
63626
63641
63653
63668
63680
63691
63703
63716
63728
63742
63743
63755
63770
63771
63783
63789
63794
63806
63812
63821
63822
63834
63840
63848
63860
63866
63877
63889
63895
63904
63916
63922
63929
63941
63956
63960
63961
63973
63990
63991
64003
64023
64035
64057
64069
64089
64090
64102
64125
64137
64159
64171
64187
64199
64223
64235
64257
64269
64291
64303
64325
64337
64358
64370
64392
64404
64422
64423
64435
64455
64467
64484
64496
64516
64528
64547
64548
64560
64580
64592
64612
64624
64632
64644
64645
64657
64665
64682
64694
64702
64717
64729
64744
64756
64777
64789
64809
64821
64840
64852
64873
64874
64885
64901
64912
64926
64937
64949
64960
64973
64984
64990
64998
65009
65015
65026
65037
65043
65054
65065
65071
65081
65092
65112
65123
65143
65154
65174
65185
65205
65216
65233
65237
65238
65249
65272
65273
65284
65305
65316
65332
65343
65364
65375
65398
65409
65431
65442
65462
65473
65494
65505
65522
65533
65552
65563
65580
65591
65610
65621
65640
65651
65671
65672
65683
65699
65700
65711
65726
65737
65758
65759
65770
65793
65804
65824
65835
65856
65867
65889
65900
65908
65917
65928
65936
65949
65960
65968
65983
65994
66002
66013
66024
66032
66046
66057
66065
66080
66091
66106
66117
66137
66148
66170
66181
66202
66213
66234
66245
66255
66266
66275
66286
66301
66312
66325
66336
66343
66344
66355
66361
66366
66377
66383
66395
66406
66412
66423
66434
66440
66451
66462
66482
66493
66513
66524
66546
66557
66578
66589
66608
66619
66640
66651
66672
66683
66703
66714
66732
66743
66759
66770
66791
66802
66824
66835
66856
66867
66890
66901
66923
66934
66957
66958
66969
66990
67001
67021
67022
67033
67053
67054
67065
67086
67097
67119
67130
67149
67160
67183
67194
67216
67227
67248
67259
67282
67293
67314
67325
67340
67351
67369
67370
67381
67403
67414
67435
67436
67447
67467
67478
67499
67510
67532
67543
67563
67574
67593
67604
67627
67638
67659
67670
67690
67701
67714
67725
67743
67744
67755
67774
67785
67804
67815
67837
67848
67869
67880
67900
67911
67931
67932
67943
67963
67974
67989
68000
68016
68017
68028
68046
68047
68058
68080
68081
68092
68113
68124
68145
68146
68157
68177
68188
68209
68210
68221
68229
68238
68249
68257
68270
68281
68289
68304
68315
68323
68338
68349
68357
68373
68374
68385
68393
68407
68418
68426
68442
68443
68454
68462
68476
68487
68505
68506
68517
68535
68546
68567
68578
68595
68606
68626
68637
68654
68666
68674
68686
68697
68698
68710
68725
68737
68748
68760
68774
68786
68802
68814
68826
68838
68852
68864
68870
68876
68877
68889
68895
68903
68904
68916
68922
68935
68947
68953
68965
68977
68983
68992
69004
69010
69020
69032
69038
69050
69051
69063
69077
69089
69105
69117
69134
69146
69166
69178
69194
69206
69226
69238
69255
69267
69287
69288
69300
69321
69333
69355
69367
69390
69391
69403
69424
69436
69455
69467
69488
69500
69517
69518
69530
69552
69553
69565
69586
69598
69617
69629
69652
69664
69686
69698
69719
69731
69751
69763
69778
69790
69810
69822
69840
69852
69873
69885
69906
69918
69938
69950
69970
69982
69996
70008
70028
70040
70062
70074
70094
70106
70125
70137
70156
70168
70188
70189
70201
70216
70228
70246
70258
70279
70291
70313
70325
70346
70358
70375
70387
70407
70419
70427
70438
70450
70458
70470
70471
70483
70491
70503
70515
70523
70540
70552
70560
70575
70587
70595
70611
70623
70631
70645
70657
70675
70676
70688
70707
70719
70740
70752
70774
70775
70787
70807
70819
70841
70842
70854
70874
70885
70893
70904
70916
70927
70941
70952
70966
70977
70991
70992
71003
71017
71028
71040
71051
71057
71065
71066
71077
71083
71094
71095
71106
71112
71123
71134
71140
71150
71161
71167
71177
71188
71194
71206
71207
71218
71233
71244
71262
71263
71274
71295
71306
71327
71338
71358
71369
71388
71399
71419
71420
71431
71450
71461
71479
71490
71510
71511
71522
71545
71556
71579
71590
71612
71623
71644
71655
71676
71687
71702
71713
71733
71744
71766
71777
71799
71810
71832
71843
71861
71872
71894
71895
71906
71929
71940
71956
71967
71985
71986
71997
72018
72019
72030
72051
72062
72083
72094
72114
72125
72147
72158
72176
72187
72208
72219
72233
72244
72262
72263
72274
72293
72304
72325
72326
72337
72358
72369
72388
72399
72416
72427
72446
72457
72476
72477
72488
72508
72519
72540
72551
72571
72582
72601
72612
72633
72644
72652
72661
72672
72680
72690
72694
72695
72706
72714
72726
72737
72745
72760
72771
72779
72795
72806
72814
72830
72841
72849
72863
72874
72891
72902
72921
72922
72933
72951
72952
72963
72982
72993
73011
73022
73043
73054
73076
73087
73108
73119
73141
73142
73153
73173
73191
73192
73210
73211
73230
73247
73267
73286
73304
73320
73332
73337
73349
73357
73358
73370
73377
73378
73390
73400
73412
73424
73436
73448
73460
73472
73484
73491
73503
73510
73522
73533
73545
73556
73568
73578
73595
73618
73619
73642
73643
73666
73692
73718
73743
73768
73794
73820
73847
73870
73896
73897
73925
73926
73954
73983
74011
74039
74068
74094
74095
74123
74151
74178
74205
74233
74234
74262
74286
74287
74315
74343
74371
74398
74425
74445
74464
74487
74488
74514
74541
74542
74568
74592
74614
74639
74667
74689
74714
74715
74742
74770
74771
74797
74825
74853
74867
74876
74890
74901
74902
74916
74932
74933
74947
74962
74976
74990
75004
75020
75034
75050
75071
75094
75095
75122
75151
75179
75180
75206
75229
75247
75272
75297
75321
75343
75368
75369
75392
75408
75418
75434
75447
75463
75475
75491
75501
75517
75528
75544
75555
75556
75585
75616
75647
75676
75705
75735
75764
75793
75822
75823
75851
75852
75883
75915
75943
75975
76008
76038
76039
76071
76104
76136
76166
76197
76230
76256
76287
76318
76349
76381
76411
76441
76471
76498
76499
76529
76530
76560
76586
76614
76644
76669
76695
76699
76700
76731
76763
76764
76794
76825
76826
76857
76875
76885
76903
76913
76917
76918
76936
76950
76968
76984
77002
77017
77035
77050
77068
77083
77101
77116
77140
77165
77191
77195
77196
77227
77260
77291
77323
77343
77365
77366
77392
77419
77420
77445
77468
77487
77488
77506
77514
77515
77533
77546
77564
77576
77594
77601
77619
77629
77647
77657
77675
77682
77708
77734
77763
77764
77796
77797
77828
77861
77862
77894
77922
77954
77955
77989
78021
78049
78080
78081
78113
78148
78182
78212
78246
78247
78282
78316
78346
78377
78378
78412
78413
78446
78477
78510
78544
78579
78603
78633
78634
78667
78702
78735
78768
78802
78829
78860
78891
78923
78955
78956
78989
78990
79021
79048
79077
79109
79143
79144
79179
79213
79246
79276
79308
79328
79336
79356
79365
79385
79395
79399
79400
79420
79436
79456
79472
79492
79507
79527
79542
79543
79563
79578
79579
79599
79614
79634
79648
79677
79705
79736
79737
79766
79798
79832
79833
79867
79899
79931
79964
79997
80029
80061
80073
80082
80094
80106
80107
80119
80133
80145
80156
80168
80184
80196
80211
80223
80237
80249
80263
80264
80276
80289
80301
80315
80327
80333
80339
80351
80357
80364
80376
80382
80393
80405
80411
80423
80435
80441
80452
80464
80470
80482
80494
80500
80512
80524
80539
80551
80568
80569
80581
80601
80613
80632
80644
80662
80674
80693
80705
80725
80726
80738
80757
80769
80785
80797
80819
80831
80855
80867
80885
80897
80918
80930
80953
80965
80983
80995
81011
81023
81044
81056
81077
81089
81111
81123
81145
81146
81158
81180
81192
81204
81216
81233
81245
81266
81278
81299
81311
81328
81340
81363
81375
81396
81408
81426
81427
81439
81458
81470
81489
81501
81521
81533
81553
81554
81566
81586
81598
81614
81615
81627
81645
81646
81658
81681
81693
81715
81727
81747
81759
81778
81790
81811
81823
81831
81843
81844
81856
81864
81880
81892
81900
81916
81917
81929
81937
81952
81964
81972
81986
81998
82006
82019
82031
82039
82055
82067
82075
82090
82102
82118
82130
82150
82162
82184
82185
82197
82219
82220
82232
82252
82264
82281
82293
82301
82313
82328
82340
82355
82367
82381
82393
82405
82417
82432
82433
82445
82459
82471
82478
82479
82491
82497
82506
82507
82519
82525
82535
82547
82553
82565
82577
82583
82595
82607
82613
82624
82636
82642
82652
82664
82670
82682
82683
82695
82709
82721
82736
82740
82741
82753
82774
82775
82787
82807
82819
82835
82847
82866
82878
82900
82912
82929
82941
82961
82962
82974
82997
83009
83032
83044
83066
83078
83099
83111
83133
83145
83161
83173
83195
83207
83229
83241
83263
83275
83298
83310
83333
83345
83366
83378
83400
83412
83434
83435
83447
83465
83466
83478
83496
83508
83529
83541
83563
83575
83597
83609
83629
83641
83659
83660
83672
83691
83703
83724
83736
83756
83768
83785
83797
83818
83819
83831
83851
83852
83864
83883
83895
83915
83927
83944
83956
83972
83984
84003
84004
84016
84038
84050
84071
84083
84101
84113
84135
84136
84148
84170
84182
84204
84216
84236
84248
84256
84264
84276
84284
84296
84297
84309
84317
84331
84343
84351
84366
84378
84386
84398
84410
84418
84434
84435
84447
84455
84470
84482
84490
84505
84517
84525
84540
84552
84567
84579
84599
84611
84631
84643
84664
84676
84696
84708
84729
84741
84761
84773
84790
84802
84823
84824
84836
84848
84849
84861
84873
84874
84886
84899
84911
84926
84938
84952
84964
84977
84989
85003
85015
85029
85041
85055
85067
85073
85078
85090
85096
85103
85104
85116
85122
85133
85145
85151
85159
85171
85177
85184
85196
85202
85213
85225
85241
85253
85271
85272
85284
85305
85317
85337
85349
85368
85380
85398
85410
85430
85431
85443
85462
85474
85490
85502
85519
85523
85524
85536
85558
85559
85571
85593
85605
85628
85629
85641
85664
85665
85677
85699
85711
85729
85741
85759
85771
85793
85805
85826
85838
85854
85866
85885
85886
85898
85921
85933
85955
85967
85989
86001
86019
86031
86049
86061
86085
86097
86120
86132
86147
86159
86177
86178
86190
86210
86222
86243
86255
86276
86288
86306
86318
86339
86351
86371
86383
86403
86415
86436
86448
86468
86480
86501
86513
86533
86545
86561
86573
86591
86592
86604
86619
86623
86624
86636
86653
86665
86682
86694
86713
86725
86745
86757
86778
86779
86791
86811
86812
86824
86844
86856
86875
86887
86905
86917
86934
86946
86965
86966
86978
86999
87011
87031
87043
87064
87076
87097
87109
87130
87131
87143
87164
87165
87177
87196
87208
87216
87224
87236
87244
87257
87269
87277
87291
87303
87311
87327
87328
87340
87348
87363
87364
87376
87384
87399
87411
87419
87433
87445
87463
87464
87476
87496
87508
87528
87540
87560
87572
87591
87603
87623
87634
87644
87655
87667
87668
87679
87692
87703
87714
87725
87736
87747
87757
87768
87781
87792
87805
87816
87830
87841
87847
87853
87864
87870
87879
87890
87896
87906
87917
87923
87930
87941
87947
87954
87965
87971
87983
87994
88010
88021
88041
88052
88073
88084
88104
88115
88134
88145
88165
88176
88195
88206
88225
88226
88237
88258
88269
88293
88304
88327
88338
88360
88371
88392
88403
88423
88434
88453
88454
88465
88486
88497
88520
88531
88554
88565
88587
88598
88620
88631
88654
88665
88679
88690
88705
88716
88734
88735
88746
88764
88775
88793
88804
88824
88835
88856
88867
88883
88894
88912
88913
88924
88944
88955
88975
88986
89006
89007
89018
89037
89048
89067
89078
89098
89099
89110
89129
89140
89155
89166
89186
89197
89218
89219
89230
89252
89253
89264
89284
89295
89314
89325
89346
89357
89377
89388
89396
89408
89409
89420
89428
89442
89453
89461
89477
89478
89489
89497
89512
89523
89531
89546
89557
89565
89577
89588
89596
89607
89618
89633
89644
89661
89672
89693
89704
89725
89736
89756
89767
89787
89798
89815
89826
89830
89841
89854
89865
89879
89890
89906
89917
89932
89943
89957
89968
89983
89994
90008
90019
90025
90034
90035
90046
90052
90064
90075
90081
90092
90103
90109
90122
90133
90139
90152
90163
90169
90179
90190
90196
90208
90219
90225
90238
90249
90255
90266
90267
90278
90294
90305
90320
90331
90349
90350
90361
90381
90392
90412
90423
90441
90452
90470
90481
90500
90511
90527
90538
90560
90561
90572
90593
90604
90626
90637
90659
90670
90691
90702
90722
90733
90755
90766
90790
90801
90824
90835
90848
90859
90879
90880
90891
90914
90925
90944
90955
90977
90988
91010
91021
91043
91054
91075
91086
91108
91119
91140
91151
91169
91170
91181
91201
91212
91232
91243
91265
91276
91298
91309
91329
91340
91360
91371
91392
91403
91423
91434
91448
91459
91476
91477
91488
91505
91516
91533
91544
91563
91574
91595
91606
91628
91639
91655
91666
91685
91686
91697
91718
91729
91750
91761
91783
91794
91816
91827
91848
91859
91880
91891
91899
91909
91920
91928
91941
91942
91953
91961
91976
91987
91995
92012
92023
92031
92048
92059
92067
92082
92093
92101
92115
92126
92134
92146
92157
92165
92176
92187
92203
92214
92233
92234
92245
92265
92276
92294
92305
92323
92334
92356
92367
92388
92399
92420
92421
92432
92454
92455
92467
92476
92488
92500
92501
92513
92524
92525
92537
92551
92552
92564
92577
92589
92603
92615
92629
92641
92656
92668
92683
92695
92709
92721
92731
92743
92759
92771
92786
92798
92812
92813
92825
92831
92836
92848
92854
92862
92863
92875
92881
92891
92903
92909
92922
92934
92940
92953
92965
92971
92983
92984
92996
93002
93014
93015
93027
93033
93044
93045
93057
93063
93074
93086
93092
93104
93116
93122
93133
93145
93151
93161
93173
93187
93199
93215
93227
93245
93257
93278
93279
93291
93312
93313
93325
93345
93357
93376
93388
93407
93419
93439
93451
93468
93480
93502
93514
93537
93549
93572
93584
93606
93618
93642
93654
93677
93689
93709
93710
93722
93745
93757
93779
93791
93813
93825
93846
93858
93879
93891
93912
93924
93936
93948
93963
93975
93996
94008
94029
94041
94061
94073
94093
94105
94126
94138
94153
94165
94184
94196
94216
94228
94248
94260
94279
94291
94307
94319
94331
94343
94363
94375
94396
94408
94430
94442
94463
94475
94496
94508
94528
94540
94548
94560
94561
94573
94581
94595
94607
94615
94632
94644
94652
94669
94681
94689
94705
94717
94725
94740
94752
94760
94776
94788
94805
94817
94833
94845
94864
94865
94877
94900
94912
94935
94947
94967
94979
94999
95011
95032
95033
95045
95065
95076
95084
95095
95108
95119
95133
95144
95154
95165
95175
95186
95199
95210
95216
95221
95232
95238
95249
95260
95266
95278
95289
95295
95306
95317
95323
95333
95344
95350
95361
95372
95378
95389
95400
95406
95416
95427
95433
95442
95453
95471
95472
95483
95500
95501
95512
95531
95542
95561
95572
95591
95602
95621
95632
95652
95663
95679
95690
95709
95710
95721
95743
95754
95776
95787
95808
95819
95840
95851
95873
95874
95885
95902
95903
95914
95937
95948
95972
95983
96005
96016
96035
96046
96064
96075
96094
96105
96123
96134
96152
96153
96164
96184
96195
96213
96224
96242
96253
96270
96281
96299
96310
96330
96341
96355
96366
96385
96396
96416
96427
96449
96460
96481
96492
96513
96524
96545
96556
96576
96587
96605
96606
96617
96637
96648
96669
96680
96701
96712
96732
96743
96764
96775
96783
96792
96803
96811
96822
96833
96841
96856
96867
96875
96890
96901
96909
96925
96936
96944
96959
96970
96978
96994
97005
97021
97032
97051
97052
97063
97086
97097
97120
97131
97152
97163
97183
97194
97213
97224
97245
97256
97276
97287
97308
97319
97339
97353
97370
97371
97390
97410
97432
97453
97469
97488
97506
97518
97524
97536
97542
97546
97547
97559
97570
97571
97583
97593
97605
97618
97630
97642
97654
97661
97673
97685
97697
97708
97728
97751
97752
97777
97803
97826
97848
97872
97897
97919
97944
97945
97973
97974
98003
98004
98032
98059
98087
98114
98139
98140
98167
98192
98216
98241
98265
98286
98309
98336
98363
98390
98391
98418
98419
98445
98466
98467
98491
98492
98518
98544
98572
98599
98626
98651
98677
98703
98704
98729
98751
98772
98795
98796
98820
98847
98873
98900
98927
98928
98956
98982
98996
99005
99019
99030
99044
99060
99074
99090
99104
99119
99133
99148
99149
99163
99180
99194
99209
99230
99253
99281
99309
99336
99363
99364
99391
99418
99419
99446
99472
99486
99507
99508
99529
99530
99553
99575
99599
99624
99649
99672
99695
99721
99745
99768
99784
99792
99793
99809
99821
99837
99848
99849
99865
99873
99889
99900
99916
99927
99943
99954
99955
99971
99981
99997
100008
100024
100035
100059
100086
100087
100113
100143
100173
100203
100232
100263
100293
100324
100354
100355
100381
100413
100446
100480
100513
100545
100579
100611
100637
100668
100700
100734
100765
100794
100819
100848
100849
100882
100914
100945
100976
101007
101032
101062
101093
101123
101154
101184
101185
101215
101240
101270
101302
101333
101362
101393
101411
101420
101438
101449
101450
101468
101480
101498
101513
101531
101547
101565
101581
101599
101613
101638
101666
101697
101730
101761
101792
101823
101844
101869
101894
101920
101946
101947
101969
101987
101992
102010
102021
102039
102051
102069
102080
102098
102105
102123
102133
102151
102161
102187
102212
102241
102242
102275
102276
102308
102339
102373
102403
102435
102436
102471
102506
102539
102571
102603
102631
102666
102698
102731
102766
102767
102801
102831
102865
102889
102919
102920
102953
102954
102988
102989
103022
103055
103056
103089
103115
103141
103172
103205
103206
103238
103270
103271
103302
103333
103361
103362
103394
103424
103456
103490
103523
103543
103552
103572
103585
103605
103620
103640
103655
103675
103690
103710
103726
103727
103747
103761
103781
103795
103815
103830
103850
103861
103888
103915
103948
103981
104015
104049
104050
104082
104114
104146
104158
104168
104180
104188
104200
104213
104225
104238
104250
104265
104277
104291
104303
104313
104325
104339
104340
104352
104367
104379
104385
104391
104403
104409
104420
104432
104438
104450
104462
104468
104478
104490
104496
104506
104518
104524
104534
104546
104552
104562
104574
104589
104593
104594
104606
104625
104637
104657
104669
104690
104702
104723
104735
104756
104768
104787
104799
104816
104820
104821
104833
104855
104856
104868
104890
104902
104924
104936
104959
104971
104993
105005
105027
105039
105062
105074
105095
105107
105123
105135
105157
105169
105190
105202
105224
105236
105255
105267
105285
105297
105317
105329
105350
105362
105383
105395
105410
105422
105440
105441
105453
105471
105472
105484
105504
105516
105537
105549
105567
105579
105597
105609
105629
105641
105662
105674
105694
105706
105726
105738
105759
105771
105792
105804
105824
105836
105850
105862
105879
105880
105892
105911
105923
105944
105956
105977
105989
106010
106022
106038
106050
106066
106078
106095
106107
106126
106138
106157
106169
106184
106196
106215
106216
106228
106249
106261
106283
106295
106318
106330
106352
106364
106385
106397
106417
106429
106447
106459
106476
106488
106496
106508
106509
106521
106529
106542
106543
106555
106563
106579
106591
106599
106615
106627
106635
106651
106663
106671
106686
106698
106706
106722
106734
106751
106763
106782
106783
106795
106817
106829
106851
106863
106885
106897
106917
106929
106949
106961
106981
106993
107012
107024
107031
107043
107057
107069
107082
107094
107108
107109
107121
107136
107137
107149
107162
107174
107187
107199
107213
107225
107231
107237
107249
107255
107266
107278
107284
107296
107308
107314
107325
107337
107343
107353
107365
107371
107382
107394
107400
107410
107422
107439
107440
107452
107471
107483
107503
107515
107535
107547
107566
107578
107598
107610
107626
107638
107657
107658
107670
107689
107701
107723
107735
107757
107769
107790
107802
107824
107836
107851
107863
107881
107882
107894
107917
107918
107930
107953
107954
107966
107989
108001
108024
108036
108058
108070
108091
108103
108121
108122
108134
108151
108152
108164
108183
108195
108217
108218
108230
108252
108253
108265
108285
108297
108318
108330
108344
108356
108373
108374
108386
108406
108418
108438
108450
108470
108471
108483
108503
108504
108516
108535
108547
108562
108574
108592
108604
108622
108634
108654
108666
108688
108700
108722
108734
108756
108768
108776
108787
108799
108807
108823
108835
108843
108860
108872
108880
108897
108909
108917
108933
108945
108953
108967
108979
108987
109002
109014
109030
109042
109061
109062
109074
109096
109108
109130
109142
109164
109176
109198
109210
109231
109243
109263
109275
109285
109297
109308
109320
109334
109346
109360
109372
109384
109396
109409
109421
109427
109432
109444
109450
109458
109459
109471
109477
109487
109499
109505
109515
109527
109533
109543
109555
109561
109571
109583
109589
109596
109608
109614
109624
109636
109650
109662
109682
109694
109715
109727
109748
109760
109780
109792
109812
109824
109843
109855
109874
109875
109887
109904
109908
109909
109921
109943
109944
109956
109975
109987
110005
110017
110039
110051
110072
110084
110104
110105
110117
110140
110152
110171
110183
110205
110217
110239
110251
110273
110285
110303
110315
110336
110348
110370
110382
110404
110416
110431
110443
110457
110469
110486
110487
110499
110520
110532
110553
110565
110586
110598
110619
110631
110653
110665
110688
110700
110717
110729
110744
110756
110774
110775
110787
110808
110820
110839
110851
110870
110882
110903
110915
110935
110936
110948
110968
110969
110981
111000
111012
111024
111036
111051
111063
111086
111098
111121
111133
111154
111166
111187
111199
111220
111232
111240
111250
111262
111270
111285
111297
111305
111321
111333
111341
111356
111368
111376
111390
111402
111410
111427
111439
111447
111460
111472
111490
111491
111503
111524
111536
111558
111570
111591
111603
111623
111635
111654
111665
111675
111676
111687
111701
111702
111713
111728
111739
111752
111763
111779
111790
111804
111815
111830
111841
111855
111866
111880
111891
111905
111916
111922
111926
111937
111943
111951
111952
111963
111969
111979
111990
111996
112007
112018
112024
112035
112046
112052
112063
112074
112080
112090
112101
112107
112120
112131
112137
112148
112159
112172
112183
112198
112202
112203
112214
112233
112244
112261
112272
112292
112303
112322
112333
112346
112357
112377
112388
112411
112422
112445
112456
112476
112487
112503
112514
112535
112546
112570
112581
112602
112613
112635
112636
112647
112664
112675
112696
112707
112728
112739
112756
112767
112788
112799
112817
112818
112829
112847
112848
112859
112881
112892
112911
112922
112941
112952
112969
112980
113002
113003
113014
113033
113044
113064
113075
113083
113097
113108
113116
113131
113142
113150
113164
113175
113190
113201
113218
113229
113250
113261
113279
113290
113311
113322
113330
113341
113354
113365
113379
113390
113406
113417
113429
113440
113451
113462
113476
113487
113493
113498
113509
113515
113526
113537
113543
113551
113562
113568
113580
113591
113597
113608
113619
113625
113632
113643
113658
113662
113663
113674
113691
113692
113703
113723
113734
113752
113763
113783
113794
113813
113814
113825
113849
113860
113881
113892
113911
113922
113944
113955
113976
113987
114005
114016
114033
114037
114038
114049
114070
114081
114103
114114
114136
114147
114170
114171
114182
114204
114215
114237
114248
114263
114274
114293
114294
114305
114325
114336
114357
114358
114369
114389
114400
114411
114422
114439
114450
114470
114481
114497
114508
114529
114540
114560
114571
114590
114601
114623
114624
114635
114656
114667
114675
114685
114689
114690
114701
114709
114725
114736
114744
114758
114769
114785
114786
114797
114818
114829
114849
114860
114877
114889
114898
114902
114903
114915
114929
114941
114955
114956
114968
114974
114978
114990
114996
115007
115019
115025
115035
115047
115053
115064
115076
115096
115108
115127
115139
115158
115170
115190
115202
115222
115223
115235
115258
115270
115292
115304
115325
115337
115359
115360
115372
115389
115390
115402
115423
115435
115456
115468
115490
115502
115524
115536
115555
115556
115568
115589
115590
115602
115622
115634
115656
115668
115689
115701
115722
115734
115753
115765
115783
115784
115796
115816
115828
115848
115860
115881
115893
115910
115922
115942
115954
115973
115974
115986
116007
116008
116020
116042
116054
116076
116088
116096
116108
116109
116121
116129
116144
116156
116164
116180
116181
116193
116201
116216
116217
116229
116237
116252
116264
116280
116284
116285
116297
116318
116330
116347
116359
116380
116391
116402
116403
116414
116424
116425
116436
116451
116462
116476
116487
116501
116512
116525
116536
116550
116561
116567
116572
116583
116589
116597
116598
116609
116615
116623
116634
116640
116652
116653
116664
116670
116682
116683
116694
116700
116712
116723
116740
116741
116752
116772
116783
116803
116804
116815
116831
116842
116864
116875
116896
116907
116925
116936
116952
116963
116985
116996
117018
117029
117044
117055
117078
117089
117110
117121
117134
117145
117166
117177
117195
117206
117221
117232
117252
117263
117280
117291
117299
117309
117320
117328
117343
117354
117362
117376
117387
117395
117410
117421
117442
117453
117474
117485
117507
117508
117519
117539
117558
117579
117599
117619
117630
117638
117639
117650
117661
117672
117683
117702
117724
117749
117769
117794
117823
117851
117877
117903
117928
117929
117957
117984
118008
118035
118058
118059
118086
118087
118109
118131
118159
118184
118203
118227
118253
118278
118303
118327
118352
118377
118401
118427
118448
118471
118472
118497
118522
118548
118574
118601
118602
118624
118650
118677
118678
118692
118697
118710
118721
118734
118751
118764
118779
118792
118807
118820
118836
118849
118862
118884
118885
118911
118912
118938
118965
118966
118988
119014
119015
119037
119058
119059
119082
119106
119128
119150
119174
119189
119194
119209
119217
119218
119233
119245
119246
119261
119269
119284
119294
119309
119321
119345
119370
119371
119401
119429
119458
119459
119485
119510
119537
119566
119567
119599
119629
119659
119689
119719
119744
119775
119776
119804
119836
119837
119868
119898
119929
119953
119982
120012
120042
120072
120101
120130
120160
120182
120209
120210
120236
120267
120293
120320
120348
120376
120405
120429
120457
120458
120487
120516
120547
120548
120577
120607
120608
120635
120652
120663
120680
120693
120694
120711
120726
120743
120758
120775
120789
120806
120821
120822
120839
120855
120872
120886
120910
120939
120970
120999
121031
121062
121092
121119
121149
121168
121190
121191
121217
121243
121265
121290
121317
121342
121363
121388
121389
121410
121433
121450
121455
121472
121480
121481
121498
121508
121525
121535
121552
121563
121580
121591
121608
121619
121636
121646
121663
121674
121699
121726
121759
121792
121823
121855
121885
121916
121917
121948
121981
122015
122016
122045
122078
122079
122108
122135
122162
122196
122228
122262
122263
122295
122327
122357
122358
122390
122422
122454
122487
122520
122546
122573
122574
122605
122636
122666
122698
122724
122754
122755
122788
122820
122851
122883
122884
122918
122950
122969
122982
122983
123002
123016
123035
123050
123069
123084
123103
123117
123136
123151
123178
123206
123207
123239
123271
123303
123304
123333
123344
123352
123363
123375
123376
123387
123402
123413
123427
123438
123452
123463
123477
123488
123501
123512
123526
123527
123538
123549
123560
123575
123576
123587
123600
123611
123617
123625
123626
123637
123643
123651
123652
123663
123669
123681
123692
123698
123708
123719
123725
123737
123748
123754
123764
123775
123781
123792
123803
123809
123820
123831
123845
123856
123869
123880
123895
123899
123900
123911
123929
123940
123960
123971
123991
124002
124022
124033
124053
124064
124084
124095
124115
124126
124142
124153
124174
124185
124206
124217
124240
124251
124273
124284
124306
124317
124338
124349
124371
124382
124399
124400
124411
124429
124440
124463
124464
124475
124494
124505
124527
124528
124539
124558
124569
124581
124592
124611
124612
124623
124646
124657
124679
124690
124712
124723
124744
124755
124776
124787
124800
124811
124829
124830
124841
124859
124870
124890
124901
124922
124933
124953
124954
124965
124982
124993
125012
125023
125039
125050
125067
125068
125079
125100
125101
125112
125135
125146
125168
125179
125200
125211
125228
125239
125259
125270
125292
125303
125324
125335
125356
125367
125375
125383
125394
125402
125415
125416
125427
125435
125449
125460
125468
125484
125495
125503
125519
125530
125538
125550
125561
125569
125585
125586
125597
125605
125616
125627
125635
125648
125659
125667
125681
125692
125700
125715
125726
125734
125748
125759
125775
125786
125803
125804
125815
125837
125848
125868
125879
125900
125911
125931
125942
125959
125970
125990
126001
126022
126033
126050
126061
126081
126092
126101
126112
126126
126137
126151
126162
126176
126187
126200
126211
126225
126236
126246
126257
126263
126270
126281
126287
126297
126308
126314
126325
126336
126342
126353
126364
126370
126380
126391
126397
126408
126419
126425
126435
126446
126466
126477
126497
126508
126528
126539
126558
126569
126588
126599
126616
126627
126648
126659
126681
126692
126715
126716
126727
126745
126756
126779
126790
126807
126818
126841
126852
126874
126885
126907
126918
126940
126951
126972
126983
127006
127017
127037
127048
127065
127066
127077
127098
127099
127110
127131
127142
127164
127165
127176
127193
127204
127222
127233
127255
127266
127284
127285
127296
127316
127327
127349
127360
127381
127392
127412
127423
127443
127454
127473
127484
127506
127517
127537
127548
127565
127576
127594
127595
127606
127626
127637
127659
127670
127690
127701
127721
127732
127753
127764
127772
127781
127792
127800
127814
127825
127833
127845
127856
127864
127881
127892
127900
127915
127926
127934
127949
127960
127968
127983
127994
128009
128020
128039
128040
128051
128070
128081
128102
128113
128134
128145
128162
128173
128194
128205
128227
128238
128255
128266
128287
128288
128299
128307
128318
128329
128330
128341
128353
128364
128378
128389
128404
128415
128430
128441
128454
128465
128478
128489
128503
128514
128529
128540
128546
128555
128556
128567
128573
128584
128595
128601
128613
128624
128630
128642
128653
128659
128670
128681
128687
128698
128709
128723
128734
128750
128751
128762
128783
128794
128814
128825
128846
128847
128858
128878
128889
128910
128921
128941
128952
128973
128984
129000
129011
129029
129030
129041
129065
129076
129099
129110
129132
129143
129164
129175
129197
129198
129209
129225
129236
129258
129269
129293
129304
129327
129338
129360
129371
129393
129404
129419
129430
129452
129463
129485
129496
129519
129530
129551
129562
129580
129591
129611
129622
129636
129647
129666
129677
129694
129705
129725
129736
129755
129766
129787
129798
129819
129830
129849
129860
129872
129883
129901
129902
129913
129932
129943
129964
129975
129997
129998
130009
130030
130041
130058
130069
130090
130101
130109
130119
130130
130138
130153
130164
130172
130187
130198
130206
130220
130231
130239
130253
130264
130272
130287
130298
130310
130321
130337
130338
130349
130367
130368
130379
130400
130401
130412
130432
130443
130464
130475
130492
130503
130524
130525
130536
130558
130569
130590
130600
130610
130620
130632
130633
130643
130657
130667
130683
130693
130706
130716
130730
130740
130753
130763
130774
130784
130797
130807
130813
130817
130827
130833
130841
130842
130852
130858
130869
130879
130885
130897
130898
130908
130914
130921
130931
130937
130948
130958
130974
130984
131002
131003
131013
131034
131044
131064
131074
131094
131104
131122
131132
131151
131161
131180
131190
131206
131216
131236
131237
131247
131268
131278
131299
131309
131332
131342
131365
131375
131397
131407
131428
131438
131458
131468
131489
131499
131522
131532
131553
131563
131578
131588
131608
131609
131619
131641
131651
131674
131684
131703
131713
131735
131745
131768
131778
131802
131812
131834
131844
131863
131864
131874
131895
131905
131925
131935
131956
131966
131987
131988
131998
132019
132029
132044
132045
132055
132072
132073
132083
132100
132110
132130
132140
132161
132171
132192
132202
132218
132228
132247
132248
132258
132281
132291
132313
132323
132344
132354
132371
132381
132401
132411
132419
132430
132440
132448
132463
132473
132481
132496
132506
132514
132528
132538
132546
132560
132570
132578
132589
132599
132614
132624
132645
132655
132677
132687
132708
132718
132740
132741
132751
132771
132781
132798
132808
132816
132826
132839
132849
132864
132874
132889
132899
132914
132924
132939
132949
132962
132972
132985
132995
133008
133018
133024
133032
133033
133043
133049
133057
133067
133073
133084
133094
133100
133107
133117
133123
133135
133145
133151
133162
133172
133188
133189
133199
133218
133228
133249
133250
133260
133280
133290
133312
133322
133342
133352
133372
133373
133383
133404
133414
133433
133443
133465
133475
133496
133506
133524
133534
133556
133566
133583
133593
133613
133614
133624
133646
133656
133677
133687
133709
133719
133740
133750
133772
133773
133783
133804
133814
133829
133839
133862
133872
133894
133904
133925
133935
133956
133966
133987
133997
134012
134022
134041
134051
134072
134073
134083
134103
134113
134129
134139
134155
134165
134180
134190
134209
134210
134220
134240
134250
134272
134282
134304
134314
134335
134345
134366
134376
134397
134407
134415
134425
134435
134443
134455
134456
134466
134474
134489
134499
134507
134523
134524
134534
134542
134556
134566
134574
134586
134596
134608
134618
134636
134637
134647
134668
134678
134701
134711
134733
134743
134764
134774
134795
134805
134826
134837
134841
134852
134862
134863
134874
134885
134886
134897
134911
134912
134923
134936
134947
134961
134972
134987
134988
134999
135010
135021
135035
135046
135061
135072
135078
135087
135088
135099
135105
135116
135127
135133
135144
135155
135161
135171
135182
135188
135199
135210
135216
135226
135237
135243
135255
135256
135267
135281
135292
135306
135317
135336
135347
135366
135377
135398
135399
135410
135430
135441
135461
135472
135488
135499
135519
135530
135550
135561
135578
135589
135608
135609
135620
135642
135653
135676
135677
135688
135710
135721
135743
135754
135776
135787
135809
135820
135842
135853
135875
135886
135902
135913
135930
135934
135935
135946
135966
135977
136001
136012
136035
136046
136069
136080
136103
136114
136134
136145
136167
136178
136193
136204
136218
136229
136247
136248
136259
136280
136291
136311
136322
136342
136353
136374
136375
136386
136406
136417
136430
136441
136459
136470
136490
136501
136522
136533
136551
136562
136582
136593
136612
136623
136642
136653
136673
136674
136685
136700
136711
136731
136742
136763
136774
136796
136797
136808
136825
136836
136857
136868
136888
136899
136907
136918
136929
136937
136950
136951
136962
136970
136983
136994
137002
137018
137019
137030
137038
137055
137066
137074
137089
137100
137108
137119
137130
137138
137151
137162
137170
137184
137195
137203
137218
137229
137237
137251
137262
137278
137289
137305
137316
137333
137334
137345
137367
137378
137399
137410
137431
137442
137464
137475
137495
137506
137526
137537
137559
137570
137592
137602
137611
137621
137629
137639
137649
137659
137675
137685
137700
137701
137711
137722
137732
137746
137756
137770
137780
137793
137803
137817
137827
137833
137838
137848
137854
137862
137863
137873
137879
137891
137901
137907
137917
137927
137933
137942
137952
137958
137969
137970
137980
137986
137997
138007
138020
138030
138048
138058
138079
138080
138090
138110
138120
138139
138149
138169
138179
138200
138201
138211
138224
138234
138255
138265
138288
138298
138320
138330
138351
138361
138379
138389
138410
138420
138437
138447
138469
138479
138500
138510
138532
138542
138563
138573
138596
138597
138607
138619
138629
138647
138648
138658
138674
138678
138679
138689
138707
138717
138740
138750
138772
138782
138802
138812
138832
138842
138863
138864
138874
138891
138892
138902
138921
138931
138953
138963
138983
138993
139012
139022
139042
139043
139053
139071
139072
139082
139103
139113
139134
139144
139165
139175
139196
139197
139207
139224
139234
139242
139251
139261
139269
139285
139295
139303
139315
139325
139333
139350
139360
139368
139383
139393
139401
139416
139426
139440
139450
139466
139470
139471
139481
139503
139504
139514
139532
139542
139559
139569
139592
139602
139621
139635
139636
139655
139656
139672
139692
139711
139730
139741
139745
139756
139766
139777
139788
139799
139809
139820
139831
139832
139843
139855
139856
139867
139878
139897
139918
139919
139944
139945
139969
139995
139996
140020
140044
140069
140070
140096
140122
140150
140151
140177
140204
140225
140249
140250
140276
140304
140305
140329
140357
140358
140381
140407
140435
140461
140482
140505
140506
140532
140555
140583
140605
140630
140656
140681
140703
140704
140729
140754
140779
140804
140828
140851
140877
140878
140898
140921
140922
140945
140973
140999
141024
141050
141063
141072
141085
141097
141098
141111
141126
141139
141156
141169
141185
141198
141213
141226
141241
141254
141269
141290
141312
141313
141338
141364
141392
141416
141441
141466
141493
141511
141531
141532
141555
141556
141576
141599
141622
141644
141665
141687
141711
141734
141756
141771
141775
141790
141799
141800
141815
141826
141841
141853
141868
141876
141891
141899
141914
141924
141939
141949
141964
141974