1
7
13
26
38
44
48
51
61
73
76
86
96
106
109
117
123
127
136
143
150
158
175
178
189
199
203
216
219
225
242
245
257
270
273
282
286
299
310
313
322
336
356
373
392
409
420
438
441
452
456
471
475
490
497
501
503
510
514
516
519
528
532
539
548
552
556
560
566
570
578
584
588
595
598
603
607
614
627
629
640
642
655
659
663
666
676
684
695
703
716
724
734
741
752
759
770
772
785
792
802
804
814
816
819
827
829
839
841
856
858
871
873
887
894
897
906
910
914
926
930
934
944
952
955
964
972
984
992
1001
1003
1015
1022
1031
1033
1045
1052
1055
1064
1068
1072
1083
1087
1091
1094
1103
1110
1120
1127
1130
1138
1140
1143
1150
1152
1161
1163
1177
1184
1193
1200
1209
1211
1223
1231
1242
1250
1259
1267
1276
1283
1286
1293
1300
1308
1315
1323
1327
1331
1341
1348
1358
1360
1363
1371
1373
1386
1393
1404
1408
1412
1423
1431
1441
1449
1461
1469
1479
1481
1493
1500
1512
1516
1520
1530
1537
1546
1551
1553
1562
1567
1569
1577
1582
1584
1596
1601
1603
1613
1618
1620
1631
1636
1643
1650
1655
1662
1669
1674
1678
1682
1689
1694
1702
1709
1714
1722
1728
1733
1741
1744
1750
1755
1762
1769
1774
1781
1784
1789
1794
1798
1802
1809
1814
1821
1829
1834
1841
1851
1853
1862
1864
1874
1876
1891
1898
1907
1909
1912
1922
1926
1930
1941
1949
1960
1968
1980
1988
1998
2005
2016
2023
2035
2039
2043
2054
2061
2071
2079
2082
2088
2105
2117
2121
2131
2135
2138
2150
2164
2180
2193
2207
2210
2222
2234
2238
2241
2249
2253
2266
2279
2291
2294
2303
2314
2332
2343
2346
2359
2363
2366
2376
2396
2399
2408
2428
2446
2462
2465
2479
2492
2496
2513
2516
2522
2539
2553
2576
2579
2593
2597
2617
2633
2656
2675
2694
2709
2713
2716
2730
2734
2752
2755
2761
2764
2768
2776
2780
2782
2785
2794
2798
2800
2814
2818
2825
2828
2836
2840
2847
2857
2861
2865
2869
2879
2883
2891
2901
2905
2913
2916
2925
2929
2937
2940
2949
2953
2955
2967
2971
2978
2981
2989
2993
3000
3010
3014
3021
3024
3032
3036
3040
3044
3053
3057
3064
3067
3079
3081
3096
3098
3101
3114
3116
3135
3142
3145
3157
3161
3165
3179
3187
3201
3209
3223
3230
3244
3251
3265
3272
3286
3290
3294
3308
3315
3318
3324
3330
3341
3343
3361
3363
3379
3381
3396
3398
3401
3414
3418
3422
3435
3443
3455
3463
3476
3484
3487
3498
3505
3520
3527
3540
3547
3560
3567
3580
3584
3588
3603
3607
3611
3625
3632
3643
3645
3657
3659
3662
3672
3674
3677
3691
3693
3696
3711
3713
3727
3731
3735
3747
3751
3755
3766
3774
3777
3787
3789
3804
3812
3824
3831
3845
3852
3864
3871
3884
3891
3894
3905
3909
3913
3927
3931
3935
3947
3954
3968
3970
3985
3987
4000
4002
4020
4027
4042
4049
4052
4064
4068
4072
4075
4086
4094
4107
4115
4129
4131
4147
4155
4168
4175
4190
4197
4210
4217
4231
4235
4239
4252
4256
4260
4274
4278
4282
4295
4302
4316
4323
4326
4335
4340
4342
4354
4359
4361
4371
4376
4378
4393
4398
4405
4415
4420
4427
4437
4442
4446
4450
4461
4466
4474
4484
4489
4497
4507
4512
4520
4523
4531
4536
4543
4555
4560
4567
4578
4583
4590
4601
4606
4613
4622
4627
4634
4644
4649
4656
4659
4671
4673
4686
4688
4701
4703
4721
4728
4743
4750
4762
4764
4767
4780
4788
4801
4809
4822
4824
4839
4846
4849
4861
4863
4866
4879
4883
4887
4890
4902
4909
4912
4922
4933
4952
4955
4966
4970
4983
4987
5004
5007
5022
5039
5055
5071
5084
5088
5103
5107
5110
5123
5137
5160
5176
5180
5196
5200
5216
5220
5223
5236
5258
5273
5276
5295
5298
5313
5330
5352
5373
5377
5397
5401
5404
5426
5449
5472
5475
5495
5516
5538
5560
5574
5578
5580
5583
5594
5598
5600
5618
5622
5626
5630
5645
5649
5657
5660
5671
5675
5683
5695
5699
5707
5720
5724
5731
5734
5745
5749
5756
5768
5772
5779
5791
5795
5802
5814
5818
5825
5842
5844
5847
5863
5870
5873
5889
5897
5913
5920
5939
5946
5963
5970
5987
5994
6013
6020
6035
6037
6040
6058
6060
6079
6086
6104
6108
6112
6128
6136
6139
6153
6160
6175
6182
6198
6205
6208
6222
6229
6244
6246
6265
6269
6273
6276
6289
6297
6311
6318
6333
6340
6357
6359
6375
6377
6380
6398
6400
6419
6421
6424
6440
6444
6448
6465
6473
6491
6499
6515
6522
6538
6545
6562
6569
6572
6587
6594
6609
6611
6614
6630
6634
6638
6656
6660
6664
6680
6687
6704
6711
6714
6724
6727
6732
6743
6748
6750
6768
6773
6775
6778
6794
6799
6806
6819
6824
6831
6834
6846
6851
6855
6859
6871
6876
6878
6894
6899
6907
6920
6925
6933
6946
6951
6958
6971
6976
6983
6996
7001
7008
7021
7026
7033
7046
7051
7055
7059
7062
7073
7078
7085
7101
7103
7119
7121
7137
7139
7142
7160
7162
7181
7188
7204
7211
7227
7231
7235
7251
7253
7272
7280
7296
7304
7307
7321
7329
7345
7352
7368
7375
7391
7398
7401
7416
7420
7424
7440
7444
7448
7464
7471
7474
7479
7490
7498
7505
7513
7525
7538
7545
7558
7566
7576
7580
7589
7599
7603
7609
7617
7627
7641
7649
7663
7666
7671
7685
7692
7705
7713
7726
7733
7746
7753
7763
7767
7774
7787
7793
7806
7809
7815
7826
7833
7844
7856
7867
7877
7890
7894
7901
7918
7927
7944
7951
7968
7975
7991
7998
8014
8021
8037
8044
8057
8061
8068
8082
8089
8103
8110
8129
8132
8137
8151
8154
8161
8181
8189
8209
8216
8235
8242
8261
8270
8286
8290
8296
8310
8319
8338
8346
8356
8360
8362
8365
8371
8381
8385
8387
8398
8408
8412
8414
8417
8427
8437
8441
8448
8456
8466
8470
8472
8475
8482
8492
8496
8504
8511
8521
8525
8533
8536
8541
8551
8555
8562
8569
8579
8583
8590
8593
8598
8608
8612
8619
8626
8636
8640
8644
8648
8655
8665
8669
8676
8682
8692
8696
8703
8706
8712
8726
8728
8735
8749
8751
8763
8777
8779
8782
8792
8806
8813
8822
8836
8840
8844
8851
8865
8873
8876
8881
8895
8903
8910
8924
8931
8934
8939
8953
8960
8966
8980
8984
8988
8996
9010
9014
9018
9025
9039
9046
9049
9055
9068
9070
9077
9090
9092
9101
9114
9121
9128
9141
9143
9153
9166
9174
9181
9194
9196
9205
9218
9225
9232
9245
9247
9250
9257
9270
9274
9278
9286
9299
9303
9307
9310
9316
9328
9330
9333
9338
9350
9352
9359
9371
9373
9384
9396
9403
9410
9422
9426
9430
9439
9451
9459
9462
9467
9479
9487
9494
9506
9514
9521
9533
9541
9548
9560
9567
9576
9588
9595
9604
9616
9623
9631
9643
9650
9657
9669
9676
9683
9695
9702
9705
9710
9722
9729
9735
9748
9750
9761
9774
9776
9779
9788
9801
9808
9815
9828
9832
9836
9843
9856
9860
9864
9871
9884
9892
9899
9912
9920
9927
9940
9948
9955
9968
9975
9981
9994
10001
10009
10022
10029
10036
10049
10053
10057
10064
10077
10081
10085
10092
10102
10107
10109
10117
10127
10132
10134
10146
10156
10161
10168
10176
10186
10191
10195
10199
10206
10216
10221
10229
10236
10246
10251
10259
10268
10278
10283
10290
10298
10308
10313
10320
10327
10337
10342
10346
10350
10358
10368
10373
10380
10387
10397
10402
10409
10417
10430
10432
10439
10452
10454
10461
10474
10476
10479
10488
10501
10508
10515
10528
10532
10536
10543
10556
10560
10564
10571
10584
10592
10599
10612
10620
10628
10641
10648
10651
10657
10670
10672
10681
10694
10698
10702
10709
10722
10726
10730
10756
10773
10795
10816
10839
10860
10882
10903
10906
10925
10947
10964
10968
10987
11006
11024
11051
11071
11075
11099
11123
11146
11149
11171
11189
11214
11235
11256
11283
11287
11310
11314
11337
11341
11368
11397
11417
11445
11472
11475
11497
11501
11529
11546
11550
11552
11571
11575
11577
11597
11601
11608
11611
11626
11630
11637
11653
11657
11661
11665
11682
11686
11688
11708
11712
11720
11739
11743
11751
11769
11773
11781
11798
11802
11809
11826
11830
11837
11854
11858
11865
11881
11885
11892
11895
11911
11915
11922
11925
11940
11944
11951
11954
11974
11976
11997
11999
12024
12026
12049
12056
12077
12081
12085
12106
12114
12137
12145
12165
12167
12191
12198
12219
12226
12246
12253
12275
12279
12283
12305
12309
12313
12334
12341
12361
12363
12383
12385
12410
12412
12434
12441
12444
12462
12466
12470
12490
12494
12498
12517
12525
12528
12546
12554
12574
12576
12598
12605
12625
12632
12635
12654
12658
12662
12665
12683
12685
12706
12708
12727
12729
12747
12749
12752
12773
12780
12801
12808
12827
12831
12835
12855
12863
12883
12891
12910
12918
12936
12944
12963
12970
12989
12996
12999
13016
13020
13024
13042
13046
13050
13053
13072
13074
13094
13096
13099
13117
13124
13144
13151
13154
13173
13181
13184
13202
13204
13227
13234
13256
13263
13284
13291
13311
13313
13316
13336
13340
13344
13347
13363
13368
13370
13387
13392
13394
13411
13416
13423
13442
13447
13454
13472
13477
13481
13485
13502
13507
13515
13531
13536
13544
13561
13566
13573
13590
13595
13602
13605
13620
13625
13632
13648
13653
13660
13677
13682
13686
13690
13693
13708
13713
13717
13721
13738
13743
13745
13767
13769
13791
13793
13813
13815
13840
13847
13869
13873
13877
13880
13898
13906
13928
13936
13956
13963
13982
13984
14006
14010
14014
14017
14035
14039
14043
14057
14072
14091
14109
14113
14133
14152
14168
14172
14189
14193
14196
14212
14215
14230
14247
14269
14272
14289
14293
14310
14334
14350
14353
14375
14388
14411
14434
14461
14464
14484
14488
14513
14516
14540
14543
14566
14590
14615
14618
14633
14637
14639
14642
14660
14664
14666
14669
14685
14689
14697
14715
14719
14726
14729
14743
14747
14754
14770
14774
14781
14801
14803
14823
14825
14846
14853
14872
14880
14900
14907
14929
14936
14956
14963
14982
14984
15006
15010
15014
15017
15035
15037
15058
15065
15085
15092
15095
15113
15115
15118
15137
15141
15145
15148
15165
15172
15192
15199
15202
15215
15220
15236
15238
15241
15262
15269
15289
15296
15313
15315
15318
15336
15344
15362
15370
15388
15396
15414
15416
15436
15443
15461
15468
15486
15490
15494
15497
15513
15520
15538
15545
15564
15566
15585
15587
15608
15615
15635
15639
15643
15662
15666
15670
15690
15698
15717
15725
15744
15752
15770
15777
15780
15798
15805
15826
15833
15852
15859
15878
15885
15901
15906
15908
15926
15931
15933
15954
15959
15961
15964
15983
15988
15995
16011
16016
16024
16042
16047
16055
16072
16077
16085
16101
16106
16113
16116
16130
16135
16137
16155
16160
16167
16170
16184
16189
16193
16197
16213
16218
16225
16244
16246
16249
16270
16272
16293
16297
16301
16320
16328
16346
16353
16356
16373
16375
16396
16400
16404
16423
16430
16444
16447
16462
16479
16483
16498
16502
16515
16537
16540
16552
16572
16587
16591
16606
16623
16626
16641
16667
16670
16687
16691
16708
16712
16734
16737
16751
16774
16792
16796
16819
16822
16840
16859
16862
16885
16911
16936
16962
16985
17009
17033
17036
17058
17078
17082
17106
17121
17125
17127
17146
17150
17152
17155
17173
17177
17181
17185
17188
17201
17205
17207
17225
17229
17237
17252
17256
17264
17279
17283
17290
17305
17309
17316
17331
17335
17337
17340
17355
17359
17366
17369
17381
17388
17405
17407
17430
17437
17456
17463
17483
17485
17507
17515
17535
17543
17546
17564
17571
17590
17597
17600
17617
17624
17643
17650
17668
17670
17692
17699
17719
17723
17727
17730
17747
17755
17773
17780
17800
17807
17825
17832
17852
17856
17860
17878
17885
17903
17905
17922
17924
17945
17947
17969
17971
17974
17991
17995
17999
18017
18021
18025
18028
18044
18052
18068
18070
18089
18096
18114
18116
18119
18136
18140
18144
18162
18164
18183
18185
18207
18209
18232
18239
18258
18265
18283
18287
18291
18311
18319
18322
18338
18346
18349
18366
18368
18389
18396
18399
18416
18423
18426
18442
18449
18467
18474
18477
18494
18501
18520
18527
18542
18547
18549
18563
18568
18570
18589
18594
18601
18617
18622
18626
18630
18645
18650
18654
18658
18674
18679
18687
18701
18706
18714
18729
18734
18742
18757
18762
18770
18785
18790
18797
18812
18817
18824
18838
18843
18850
18853
18867
18872
18879
18895
18900
18907
18925
18927
18945
18947
18967
18974
18992
18996
19000
19003
19019
19027
19044
19052
19070
19078
19081
19098
19105
19123
19130
19147
19151
19155
19158
19174
19181
19194
19208
19211
19229
19248
19263
19267
19270
19288
19307
19327
19347
19366
19387
19390
19407
19410
19425
19429
19446
19463
19466
19481
19507
19526
19530
19549
19553
19576
19595
19619
19640
19644
19663
19667
19670
19689
19710
19739
19761
19765
19787
19791
19817
19843
19846
19869
19891
19894
19919
19934
19938
19940
19957
19961
19963
19979
19983
19990
20006
20010
20017
20033
20037
20045
20061
20065
20073
20091
20095
20102
20105
20120
20124
20131
20147
20151
20158
20174
20178
20185
20188
20207
20209
20229
20231
20254
20256
20278
20285
20306
20308
20331
20339
20360
20368
20371
20390
20397
20418
20425
20445
20452
20473
20480
20500
20502
20524
20531
20534
20552
20554
20573
20575
20578
20599
20606
20625
20629
20633
20636
20654
20662
20681
20689
20692
20710
20717
20735
20742
20760
20762
20765
20784
20788
20792
20811
20818
20836
20838
20841
20857
20859
20877
20879
20901
20908
20926
20934
20952
20960
20978
20985
20988
21004
21011
21028
21035
21053
21057
21061
21079
21086
21107
21109
21128
21130
21133
21154
21161
21179
21183
21187
21190
21207
21215
21233
21241
21244
21261
21268
21271
21288
21295
21314
21321
21341
21345
21349
21368
21375
21378
21392
21397
21399
21414
21419
21421
21437
21442
21444
21464
21469
21476
21491
21496
21500
21504
21507
21521
21526
21534
21551
21556
21564
21579
21584
21591
21607
21612
21619
21635
21640
21642
21660
21665
21672
21692
21694
21713
21715
21718
21740
21747
21766
21774
21794
21802
21821
21828
21831
21849
21856
21875
21882
21901
21908
21911
21917
21925
21937
21950
21957
21967
21971
21978
21992
22000
22014
22021
22034
22041
22054
22057
22063
22073
22077
22086
22096
22100
22107
22118
22121
22126
22137
22144
22160
22167
22180
22184
22193
22206
22210
22217
22234
22241
22258
22266
22282
22289
22302
22306
22313
22326
22330
22337
22351
22358
22372
22382
22398
22402
22409
22429
22438
22457
22464
22478
22487
22503
22507
22513
22527
22536
22555
22561
22571
22575
22577
22584
22594
22598
22600
22611
22621
22625
22629
22633
22636
22642
22652
22656
22664
22670
22680
22684
22692
22698
22708
22712
22714
22723
22733
22737
22744
22753
22763
22767
22774
22781
22791
22795
22802
22809
22819
22823
22827
22831
22838
22848
22852
22856
22860
22867
22877
22881
22885
22889
22896
22906
22910
22917
22920
22926
22940
22942
22945
22951
22965
22967
22979
22993
22995
23007
23021
23023
23034
23048
23055
23062
23076
23080
23084
23091
23105
23113
23120
23134
23142
23145
23151
23165
23173
23179
23193
23200
23206
23220
23222
23231
23245
23252
23261
23275
23282
23289
23303
23307
23311
23320
23334
23341
23350
23364
23371
23377
23390
23392
23400
23413
23415
23426
23439
23446
23453
23466
23473
23480
23493
23497
23501
23504
23509
23522
23526
23530
23536
23549
23557
23564
23577
23585
23592
23605
23613
23620
23633
23640
23649
23662
23669
23676
23689
23696
23703
23716
23720
23724
23727
23732
23745
23747
23756
23769
23776
23779
23784
23797
23804
23807
23813
23825
23827
23830
23836
23848
23850
23862
23874
23876
23887
23899
23906
23912
23924
23928
23932
23938
23950
23952
23962
23974
23982
23990
24002
24010
24013
24019
24031
24039
24046
24058
24065
24072
24084
24091
24098
24110
24117
24123
24135
24139
24143
24152
24164
24171
24180
24192
24199
24205
24218
24220
24223
24228
24241
24243
24249
24262
24264
24276
24289
24296
24302
24315
24322
24325
24331
24344
24348
24352
24359
24372
24380
24387
24400
24408
24415
24428
24435
24438
24443
24456
24463
24470
24483
24490
24497
24510
24514
24518
24527
24540
24547
24556
24566
24571
24573
24579
24589
24594
24596
24599
24608
24618
24623
24630
24639
24649
24654
24658
24662
24668
24678
24683
24685
24695
24705
24710
24718
24726
24736
24741
24749
24756
24766
24771
24778
24785
24795
24800
24807
24810
24815
24825
24830
24837
24843
24853
24858
24862
24866
24873
24883
24888
24895
24902
24915
24917
24920
24925
24938
24940
24947
24960
24967
24975
24988
24992
24996
25003
25016
25020
25024
25032
25045
25049
25053
25060
25073
25081
25084
25089
25102
25104
25113
25126
25133
25139
25152
25154
25157
25164
25177
25181
25185
25193
25206
25210
25214
25217
25223
25236
25243
25256
25270
25289
25292
25314
25330
25334
25354
25373
25393
25412
25415
25428
25449
25463
25484
25503
25520
25547
25569
25572
25594
25617
25620
25641
25644
25664
25685
25705
25709
25731
25754
25773
25793
25796
25824
25846
25850
25878
25904
25924
25953
25973
26000
26026
26029
26050
26054
26078
26094
26098
26100
26103
26117
26121
26123
26139
26143
26145
26161
26165
26167
26186
26190
26197
26200
26215
26219
26221
26224
26240
26244
26248
26252
26255
26269
26273
26277
26281
26284
26299
26303
26305
26324
26328
26336
26354
26358
26366
26382
26386
26393
26409
26413
26420
26423
26437
26441
26445
26449
26466
26470
26477
26496
26498
26501
26519
26521
26541
26548
26570
26577
26596
26598
26601
26621
26625
26629
26649
26657
26677
26685
26705
26712
26734
26741
26761
26768
26788
26792
26796
26816
26823
26843
26845
26863
26865
26889
26896
26915
26919
26923
26926
26943
26951
26970
26978
26981
26999
27001
27022
27029
27048
27055
27073
27077
27081
27084
27102
27109
27127
27129
27148
27150
27171
27178
27181
27197
27201
27205
27223
27231
27234
27250
27252
27273
27281
27299
27306
27324
27331
27348
27352
27356
27359
27375
27382
27401
27403
27424
27426
27445
27447
27466
27473
27494
27501
27520
27524
27528
27547
27555
27558
27576
27578
27600
27607
27626
27633
27653
27660
27678
27685
27704
27708
27712
27715
27730
27735
27737
27753
27758
27760
27763
27778
27783
27785
27805
27810
27817
27820
27835
27840
27844
27848
27866
27871
27875
27879
27894
27899
27907
27910
27924
27929
27937
27952
27957
27959
27977
27982
27989
28006
28011
28018
28034
28039
28043
28047
28064
28069
28076
28094
28099
28106
28125
28127
28151
28153
28174
28181
28200
28202
28224
28232
28235
28253
28261
28280
28287
28290
28308
28315
28334
28338
28342
28361
28368
28383
28397
28416
28437
28453
28457
28476
28496
28499
28517
28536
28556
28572
28576
28592
28596
28615
28634
28653
28670
28687
28713
28732
28736
28757
28761
28785
28807
28828
28850
28853
28874
28892
28896
28917
28939
28961
28981
29000
29028
29053
29075
29079
29104
29129
29155
29180
29183
29207
29210
29231
29235
29238
29256
29283
29286
29301
29305
29307
29310
29325
29329
29331
29334
29352
29356
29358
29376
29380
29387
29403
29407
29411
29415
29431
29435
29443
29461
29465
29473
29488
29492
29494
29513
29517
29525
29528
29543
29547
29554
29557
29572
29576
29583
29586
29600
29604
29606
29609
29625
29629
29633
29637
29653
29657
29664
29684
29686
29708
29710
29730
29732
29756
29758
29761
29781
29785
29789
29811
29815
29819
29839
29847
29869
29877
29898
29905
29925
29932
29953
29960
29979
29986
30006
30010
30014
30017
30035
30037
30056
30058
30061
30079
30081
30104
30111
30114
30132
30136
30140
30161
30165
30169
30187
30195
30198
30215
30223
30241
30243
30264
30271
30291
30298
30317
30321
30325
30345
30352
30373
30380
30398
30400
30423
30425
30445
30452
30455
30472
30480
30498
30506
30509
30526
30534
30552
30560
30578
30580
30600
30607
30627
30631
30635
30653
30660
30679
30686
30689
30707
30709
30730
30732
30751
30758
30779
30786
30804
30806
30809
30828
30836
30854
30861
30864
30881
30888
30904
30909
30911
30930
30935
30939
30943
30959
30964
30966
30984
30989
30993
30997
31018
31020
31023
31040
31042
31060
31067
31086
31094
31113
31120
31140
31147
31150
31168
31172
31176
31190
31208
31229
31248
31267
31286
31308
31311
31332
31354
31376
31395
31399
31419
31446
31450
31476
31497
31501
31504
31524
31528
31544
31548
31550
31566
31570
31572
31593
31597
31601
31605
31621
31625
31633
31649
31653
31660
31663
31678
31682
31689
31709
31711
31735
31743
31763
31770
31792
31799
31819
31826
31845
31847
31866
31873
31892
31900
31918
31920
31942
31950
31971
31978
31997
32004
32023
32030
32049
32056
32074
32076
32094
32096
32099
32116
32118
32140
32147
32164
32166
32169
32187
32191
32195
32213
32221
32224
32240
32248
32266
32273
32291
32298
32316
32320
32324
32344
32348
32352
32369
32373
32377
32380
32398
32400
32403
32421
32423
32447
32449
32470
32474
32478
32497
32505
32508
32525
32533
32552
32559
32578
32585
32588
32605
32609
32613
32632
32639
32642
32657
32662
32664
32682
32687
32689
32705
32710
32717
32732
32737
32739
32742
32758
32763
32767
32771
32787
32792
32800
32817
32822
32830
32833
32848
32853
32860
32876
32881
32885
32889
32905
32910
32914
32918
32934
32939
32946
32964
32969
32976
32995
32997
33020
33022
33045
33052
33073
33080
33099
33101
33123
33131
33151
33159
33178
33186
33206
33213
33233
33240
33258
33265
33284
33291
33311
33332
33352
33373
33392
33409
33413
33430
33434
33452
33469
33494
33498
33522
33545
33568
33591
33614
33617
33637
33667
33693
33719
33722
33746
33772
33795
33799
33802
33817
33821
33823
33840
33844
33846
33863
33867
33869
33872
33891
33895
33899
33903
33921
33925
33933
33950
33954
33961
33978
33982
33989
33992
34007
34011
34015
34019
34022
34037
34041
34045
34049
34070
34072
34093
34095
34121
34125
34129
34151
34159
34180
34188
34210
34217
34240
34247
34267
34269
34292
34294
34317
34324
34346
34353
34356
34375
34377
34401
34408
34428
34435
34438
34457
34465
34484
34492
34513
34520
34541
34548
34567
34574
34577
34595
34597
34616
34623
34642
34646
34650
34671
34675
34679
34698
34706
34726
34734
34737
34755
34762
34783
34790
34809
34813
34817
34820
34837
34841
34845
34865
34867
34886
34888
34891
34910
34917
34937
34944
34964
34972
34992
35000
35020
35028
35050
35057
35060
35078
35080
35083
35100
35105
35107
35124
35129
35131
35134
35150
35155
35162
35179
35184
35188
35192
35209
35214
35218
35222
35239
35244
35252
35269
35274
35281
35284
35299
35304
35308
35312
35315
35330
35335
35342
35362
35364
35384
35386
35389
35412
35416
35420
35439
35447
35468
35475
35478
35496
35498
35520
35524
35528
35548
35555
35574
35581
35588
35597
35607
35616
35625
35639
35647
35662
35671
35686
35692
35701
35711
35726
35729
35734
35748
35757
35771
35779
35793
35801
35815
35821
35835
35842
35854
35865
35882
35890
35908
35916
35934
35941
35959
35967
35984
35987
35992
36006
36010
36017
36031
36035
36043
36058
36067
36082
36090
36110
36117
36134
36138
36146
36167
36173
36193
36196
36201
36218
36222
36230
36250
36257
36268
36272
36274
36285
36296
36300
36302
36305
36314
36325
36329
36331
36341
36352
36356
36360
36364
36370
36381
36385
36387
36397
36408
36412
36420
36428
36439
36443
36451
36458
36469
36473
36480
36483
36488
36499
36503
36510
36513
36519
36530
36534
36536
36545
36556
36560
36564
36568
36575
36586
36590
36597
36606
36617
36621
36628
36636
36651
36653
36664
36679
36681
36691
36706
36713
36716
36721
36736
36744
36753
36768
36776
36783
36798
36806
36814
36829
36836
36845
36860
36867
36874
36889
36893
36897
36904
36919
36923
36927
36934
36948
36950
36959
36973
36975
36982
36996
36998
37009
37023
37027
37031
37038
37052
37056
37060
37066
37080
37088
37096
37110
37117
37124
37138
37145
37151
37165
37172
37175
37180
37194
37196
37205
37219
37226
37233
37246
37248
37257
37270
37272
37279
37292
37294
37303
37316
37323
37330
37343
37347
37351
37360
37373
37381
37384
37390
37403
37411
37414
37419
37432
37434
37443
37456
37463
37470
37483
37487
37491
37500
37513
37517
37521
37527
37540
37542
37551
37564
37571
37574
37579
37593
37595
37598
37604
37618
37620
37623
37632
37646
37648
37659
37673
37680
37687
37701
37705
37709
37712
37718
37732
37740
37743
37748
37762
37770
37777
37791
37798
37805
37819
37826
37833
37847
37854
37861
37875
37882
37885
37890
37901
37906
37908
37911
37920
37931
37936
37938
37949
37960
37965
37967
37977
37988
37993
38001
38008
38019
38024
38031
38038
38049
38054
38061
38064
38069
38080
38085
38092
38099
38110
38115
38117
38120
38127
38138
38143
38150
38153
38159
38173
38175
38181
38195
38202
38205
38211
38225
38229
38233
38239
38253
38261
38267
38281
38288
38291
38296
38310
38314
38318
38327
38341
38345
38349
38366
38381
38397
38418
38440
38444
38462
38466
38488
38491
38511
38532
38555
38574
38593
38596
38619
38623
38626
38649
38675
38678
38701
38724
38728
38752
38755
38777
38798
38825
38851
38854
38882
38909
38936
38962
38966
38993
38996
39012
39016
39018
39036
39040
39044
39048
39067
39071
39073
39094
39098
39106
39109
39125
39129
39136
39154
39158
39162
39166
39169
39190
39192
39218
39222
39226
39249
39256
39278
39285
39308
39312
39316
39339
39343
39347
39350
39370
39372
39375
39398
39400
39424
39426
39450
39458
39461
39480
39487
39507
39509
39531
39533
39557
39559
39562
39585
39589
39593
39596
39614
39618
39622
39642
39646
39650
39670
39678
39700
39702
39724
39731
39752
39759
39778
39785
39805
39809
39813
39833
39837
39841
39861
39868
39889
39891
39916
39918
39943
39950
39970
39977
39998
40006
40009
40028
40036
40057
40065
40087
40089
40112
40119
40141
40145
40149
40167
40172
40174
40192
40197
40199
40202
40218
40223
40230
40233
40249
40254
40261
40279
40284
40292
40309
40314
40322
40325
40341
40346
40353
40373
40378
40380
40383
40399
40405
40424
40426
40447
40454
40475
40479
40483
40503
40511
40531
40538
40541
40560
40564
40568
40591
40595
40599
40616
40631
40647
40668
40690
40694
40712
40716
40738
40741
40761
40779
40783
40804
40827
40846
40849
40870
40893
40896
40920
40924
40949
40974
40999
41002
41025
41049
41075
41101
41123
41147
41173
41199
41203
41226
41230
41233
41260
41287
41316
41340
41344
41371
41388
41392
41394
41397
41417
41421
41423
41445
41449
41451
41454
41475
41479
41483
41487
41504
41508
41516
41535
41539
41546
41566
41570
41572
41592
41596
41600
41604
41607
41624
41628
41635
41656
41658
41685
41687
41712
41716
41720
41741
41749
41752
41772
41779
41801
41808
41811
41832
41836
41840
41861
41863
41887
41894
41917
41924
41945
41947
41950
41973
41975
41998
42002
42006
42009
42029
42037
42058
42065
42087
42094
42114
42118
42122
42143
42147
42151
42171
42173
42176
42195
42197
42221
42225
42229
42249
42253
42257
42277
42285
42288
42306
42313
42335
42342
42361
42363
42385
42387
42409
42416
42419
42439
42441
42466
42473
42494
42502
42524
42532
42555
42557
42580
42587
42608
42610
42613
42634
42641
42644
42661
42666
42668
42686
42691
42698
42715
42720
42724
42728
42731
42747
42752
42760
42780
42785
42793
42811
42816
42823
42826
42843
42848
42852
42856
42877
42879
42900
42902
42922
42924
42927
42947
42954
42974
42978
42982
43003
43007
43011
43014
43033
43041
43063
43071
43092
43099
43120
43127
43149
43153
43157
43160
43179
43183
43187
43190
43210
43217
43232
43251
43274
43296
43319
43340
43360
43382
43399
43403
43421
43439
43456
43459
43479
43500
43503
43523
43527
43547
43551
43575
43593
43618
43636
43658
43662
43683
43687
43710
43713
43734
43755
43758
43781
43784
43813
43840
43868
43894
43915
43943
43971
43974
43998
44015
44019
44021
44038
44042
44044
44063
44067
44074
44077
44093
44097
44105
44121
44125
44133
44136
44151
44155
44163
44179
44183
44190
44193
44208
44212
44219
44236
44240
44247
44261
44268
44287
44289
44311
44318
44321
44340
44342
44345
44366
44374
44396
44404
44425
44432
44455
44462
44483
44487
44491
44494
44513
44520
44523
44542
44544
44566
44568
44592
44596
44600
44620
44622
44645
44653
44675
44682
44704
44708
44712
44732
44739
44758
44760
44778
44785
44788
44805
44812
44830
44838
44857
44864
44883
44885
44906
44910
44914
44933
44940
44960
44962
44965
44984
44986
45011
45015
45019
45040
45044
45048
45068
45076
45096
45103
45124
45131
45153
45160
45176
45181
45183
45204
45209
45216
45235
45240
45242
45262
45267
45275
45292
45297
45304
45323
45328
45332
45336
45356
45358
45382
45386
45390
45409
45416
45438
45442
45446
45461
45478
45482
45485
45500
45504
45524
45527
45546
45549
45565
45569
45589
45611
45634
45657
45681
45698
45725
45751
45774
45777
45798
45818
45822
45842
45846
45866
45870
45873
45893
45914
45935
45961
45987
46010
46014
46041
46070
46095
46122
46145
46149
46152
46171
46190
46194
46196
46213
46217
46219
46236
46240
46242
46262
46266
46270
46274
46291
46295
46299
46303
46320
46324
46328
46332
46349
46353
46355
46375
46379
46387
46404
46408
46416
46433
46437
46444
46460
46464
46471
46488
46492
46496
46500
46517
46521
46525
46529
46532
46552
46554
46575
46577
46598
46600
46603
46624
46628
46632
46653
46661
46681
46688
46691
46710
46714
46718
46721
46740
46744
46748
46768
46770
46790
46792
46816
46820
46824
46844
46852
46855
46873
46881
46900
46907
46928
46935
46955
46957
46979
46986
47001
47006
47023
47025
47048
47055
47075
47083
47086
47103
47105
47127
47134
47137
47155
47157
47178
47185
47206
47213
47233
47235
47259
47266
47269
47287
47294
47314
47316
47319
47339
47347
47367
47375
47395
47402
47405
47423
47425
47428
47443
47446
47451
47466
47471
47473
47490
47495
47502
47519
47524
47528
47532
47551
47556
47564
47583
47588
47596
47612
47617
47619
47638
47643
47650
47653
47669
47674
47678
47682
47702
47704
47707
47725
47727
47747
47754
47776
47783
47804
47812
47832
47840
47860
47867
47887
47894
47914
47921
47942
47949
47969
47976
47996
48003
48010
48019
48030
48044
48051
48065
48072
48086
48089
48095
48110
48118
48133
48142
48156
48159
48165
48174
48183
48194
48198
48205
48219
48225
48237
48249
48261
48271
48283
48294
48308
48312
48318
48330
48340
48358
48366
48383
48392
48409
48417
48431
48435
48438
48443
48457
48461
48468
48483
48490
48505
48512
48529
48533
48542
48559
48563
48570
48591
48594
48600
48620
48627
48644
48648
48651
48656
48673
48677
48684
48704
48711
48722
48726
48728
48739
48750
48754
48756
48767
48778
48782
48789
48798
48809
48813
48817
48821
48824
48830
48841
48845
48853
48859
48870
48874
48882
48889
48900
48904
48911
48917
48928
48932
48939
48942
48948
48959
48963
48967
48971
48978
48989
48993
49000
49006
49017
49021
49028
49035
49050
49052
49062
49077
49084
49087
49092
49107
49114
49120
49135
49143
49152
49167
49175
49182
49197
49204
49211
49226
49233
49241
49256
49263
49270
49285
49292
49300
49314
49316
49323
49337
49339
49348
49362
49369
49376
49390
49398
49407
49421
49429
49436
49450
49458
49465
49479
49486
49489
49494
49508
49515
49518
49524
49538
49540
49549
49563
49567
49571
49578
49592
49599
49607
49620
49622
49629
49642
49644
49655
49668
49675
49684
49697
49704
49710
49723
49725
49728
49735
49748
49756
49763
49776
49778
49788
49801
49809
49817
49830
49838
49841
49847
49860
49867
49875
49888
49895
49902
49915
49919
49923
49930
49944
49946
49953
49967
49969
49975
49989
49991
50003
50017
50024
50031
50045
50049
50053
50061
50075
50083
50092
50106
50114
50121
50135
50142
50151
50165
50167
50176
50190
50194
50198
50205
50219
50221
50230
50244
50251
50258
50269
50274
50276
50288
50299
50304
50306
50317
50328
50333
50340
50348
50359
50364
50368
50372
50375
50381
50392
50397
50405
50408
50413
50424
50429
50431
50441
50452
50457
50465
50468
50473
50484
50489
50496
50503
50514
50519
50526
50535
50546
50551
50558
50565
50576
50581
50588
50595
50604
50610
50615
50629
50631
50638
50652
50659
50666
50680
50687
50694
50708
50716
50723
50737
50745
50752
50766
50773
50780
50794
50801
50809
50823
50830
50839
50853
50860
50885
50888
50901
50925
50946
50968
50985
51007
51010
51026
51030
51050
51053
51070
51093
51096
51112
51115
51139
51163
51187
51211
51214
51236
51257
51261
51284
51306
51309
51329
51359
51386
51389
51414
51417
51441
51462
51487
51491
51494
51510
51514
51516
51533
51537
51544
51561
51565
51573
51590
51594
51601
51617
51621
51625
51629
51646
51650
51652
51675
51677
51698
51700
51721
51728
51749
51756
51777
51785
51805
51812
51815
51834
51841
51861
51865
51869
51889
51891
51911
51918
51937
51939
51942
51962
51970
51990
51998
52001
52019
52026
52045
52052
52071
52073
52096
52098
52120
52128
52148
52155
52158
52175
52182
52201
52203
52224
52228
52232
52252
52254
52274
52278
52282
52302
52309
52329
52336
52356
52360
52364
52384
52391
52408
52413
52415
52436
52441
52449
52452
52467
52472
52480
52496
52501
52508
52525
52530
52537
52554
52559
52566
52587
52589
52613
52617
52621
52642
52646
52650
52653
52672
52674
52697
52705
52725
52732
52752
52759
52762
52780
52787
52807
52811
52815
52818
52836
52838
52853
52865
52878
52897
52901
52904
52917
52921
52940
52958
52976
52994
52997
53013
53031
53047
53065
53081
53104
53123
53127
53149
53171
53193
53196
53216
53238
53241
53258
53262
53280
53284
53287
53305
53324
53348
53369
53373
53398
53424
53447
53450
53470
53474
53489
53493
53495
53509
53513
53515
53518
53532
53536
53540
53544
53559
53563
53567
53571
53586
53590
53592
53609
53613
53620
53623
53637
53641
53648
53663
53667
53669
53686
53690
53697
53716
53718
53721
53743
53750
53769
53777
53796
53804
53825
53832
53835
53852
53854
53857
53870
53876
53892
53894
53914
53921
53940
53944
53948
53966
53970
53974
53993
54001
54021
54029
54048
54055
54058
54074
54081
54099
54106
54109
54126
54133
54150
54152
54168
54175
54192
54199
54216
54220
54224
54227
54242
54246
54250
54266
54274
54292
54299
54318
54322
54326
54343
54347
54351
54368
54375
54395
54397
54415
54417
54439
54443
54447
54465
54473
54493
54495
54515
54522
54542
54549
54567
54571
54575
54594
54598
54602
54605
54622
54629
54646
54651
54653
54672
54677
54679
54682
54700
54705
54709
54713
54727
54732
54736
54740
54743
54757
54762
54770
54785
54790
54798
54813
54818
54826
54841
54846
54853
54868
54873
54880
54898
54900
54918
54920
54923
54940
54947
54964
54968
54972
54991
54999
55019
55021
55041
55048
55051
55068
55072
55076
55094
55098
55102
55105
55114
55121
55132
55139
55153
55165
55168
55177
55186
55190
55200
55213
55216
55224
55237
55247
55259
55269
55281
55291
55300
55304
55313
55323
55333
55343
55353
55368
55371
55380
55390
55393
55403
55415
55419
55422
55430
55446
55457
55472
55482
55497
55507
55519
55523
55526
55534
55546
55550
55560
55570
55582
55595
55605
55618
55632
55647
55651
55654
55662
55681
55691
55710
55721
55739
55749
55767
55770
55779
55797
55807
55822
55826
55829
55838
55856
55866
55875
55879
55881
55896
55905
55909
55916
55926
55935
55939
55947
55957
55966
55970
55978
55988
55997
56001
56009
56019
56028
56032
56039
56042
56051
56060
56064
56071
56081
56090
56094
56101
56104
56113
56122
56126
56133
56145
56154
56158
56165
56175
56184
56188
56195
56205
56218
56220
56235
56248
56250
56264
56277
56284
56294
56307
56311
56315
56325
56338
56346
56358
56371
56379
56390
56403
56410
56421
56434
56441
56451
56464
56471
56480
56493
56500
56510
56523
56530
56539
56546
56552
56560
56572
56574
56585
56597
56599
56609
56621
56628
56638
56650
56657
56666
56678
56682
56686
56697
56709
56717
56727
56739
56747
56756
56768
56775
56786
56798
56805
56815
56827
56831
56835
56846
56858
56865
56875
56886
56888
56898
56909
56911
56926
56937
56939
56953
56964
56968
56972
56982
56993
56995
57008
57019
57027
57039
57050
57052
57064
57075
57082
57092
57103
57110
57122
57133
57140
57152
57163
57170
57181
57193
57195
57198
57210
57222
57224
57238
57250
57252
57255
57268
57280
57282
57295
57307
57315
57325
57337
57344
57353
57365
57372
57383
57395
57402
57413
57422
57427
57429
57441
57450
57455
57462
57472
57481
57486
57493
57496
57505
57514
57519
57523
57527
57537
57546
57551
57559
57569
57578
57583
57591
57600
57609
57614
57621
57631
57640
57645
57649
57653
57665
57677
57679
57689
57701
57703
57706
57715
57727
57729
57743
57755
57757
57771
57783
57790
57800
57812
57816
57820
57830
57842
57844
57857
57869
57877
57887
57899
57906
57916
57928
57935
57945
57957
57964
57967
57976
57988
57995
58007
58022
58031
58046
58060
58070
58081
58085
58096
58111
58121
58136
58147
58162
58172
58186
58189
58197
58211
58214
58222
58236
58246
58257
58261
58270
58284
58293
58302
58312
58324
58334
58346
58349
58362
58379
58389
58406
58415
58429
58433
58443
58461
58472
58484
58496
58513
58523
58535
58538
58548
58562
58566
58577
58594
58597
58605
58620
58629
58644
58654
58669
58683
58700
58704
58715
58736
58746
58767
58770
58779
58799
58808
58825
58829
58841
58858
58862
58872
58883
58887
58889
58901
58912
58916
58918
58927
58938
58942
58944
58947
58959
58970
58974
58981
58990
59001
59005
59007
59010
59020
59031
59035
59039
59043
59053
59064
59068
59076
59086
59097
59101
59109
59112
59121
59132
59136
59143
59155
59166
59170
59174
59178
59190
59201
59205
59212
59215
59224
59239
59241
59253
59268
59270
59280
59295
59302
59312
59327
59331
59335
59338
59347
59362
59370
59380
59395
59402
59413
59428
59435
59438
59447
59462
59466
59470
59480
59494
59496
59499
59507
59521
59523
59533
59547
59549
59552
59564
59578
59585
59595
59609
59613
59617
59626
59640
59648
59658
59672
59679
59689
59703
59710
59720
59734
59741
59751
59765
59772
59782
59796
59800
59804
59815
59829
59836
59847
59861
59868
59871
59880
59889
59894
59902
59915
59917
59931
59944
59951
59961
59974
59981
59991
60004
60011
60021
60034
60038
60042
60045
60053
60066
60070
60074
60083
60096
60104
60116
60129
60137
60149
60162
60170
60179
60192
60199
60210
60223
60225
60237
60250
60252
60255
60265
60278
60282
60286
60297
60310
60317
60329
60342
60349
60352
60361
60375
60377
60380
60389
60403
60405
60420
60434
60436
60451
60465
60472
60475
60483
60497
60501
60505
60508
60516
60530
60534
60538
60548
60562
60570
60581
60595
60603
60606
60614
60628
60635
60638
60646
60660
60667
60677
60691
60698
60709
60723
60727
60731
60741
60755
60762
60772
60786
60793
60803
60814
60819
60821
60833
60844
60849
60851
60861
60872
60877
60879
60893
60904
60909
60916
60919
60927
60938
60943
60950
60960
60971
60976
60980
60984
60994
61005
61010
61014
61018
61021
61030
61041
61046
61054
61057
61066
61077
61082
61090
61102
61113
61118
61126
61135
61146
61151
61153
61165
61176
61181
61188
61198
61209
61214
61221
61231
61242
61247
61251
61255
61265
61276
61281
61285
61289
61299
61310
61315
61319
61323
61333
61344
61349
61356
61365
61379
61381
61390
61404
61406
61416
61430
61432
61446
61460
61462
61474
61488
61495
61504
61518
61520
61533
61547
61555
61567
61581
61589
61599
61613
61621
61631
61645
61652
61662
61676
61683
61693
61707
61714
61724
61738
61745
61748
61756
61770
61777
61787
61790
61796
61806
61809
61820
61830
61833
61844
61847
61855
61858
61866
61870
61881
61884
61896
61899
61908
61911
61923
61933
61936
61947
61959
61962
61973
61982
61985
61991
61994
62004
62007
62015
62019
62030
62033
62044
62054
62057
62066
62076
62079
62088
62091
62103
62106
62115
62127
62130
62141
62145
62156
62159
62174
62186
62189
62204
62214
62217
62232
62242
62245
62259
62269
62272
62286
62289
62297
62300
62314
62324
62327
62341
62344
62352
62355
62361
62374
62377
62389
62398
62401
62413
62425
62428
62445
62457
62460
62474
62478
62488
62491
62509
62519
62522
62540
62552
62555
62572
62582
62585
62602
62612
62615
62629
62633
62645
62648
62662
62666
62676
62679
62687
62691
62693
62696
62704
62707
62715
62719
62721
62731
62734
62742
62746
62748
62762
62765
62773
62777
62779
62791
62794
62802
62806
62810
62814
62825
62828
62836
62840
62848
62858
62861
62869
62873
62875
62888
62891
62899
62903
62910
62921
62924
62932
62936
62943
62953
62956
62964
62968
62975
62985
62988
62996
63000
63002
63014
63017
63025
63029
63036
63048
63051
63057
63064
63072
63075
63087
63089
63092
63104
63107
63119
63121
63135
63138
63150
63157
63166
63169
63181
63185
63189
63199
63202
63214
63222
63231
63234
63246
63254
63257
63265
63268
63280
63287
63296
63299
63311
63318
63321
63329
63332
63344
63346
63349
63359
63362
63374
63381
63384
63392
63395
63407
63414
63424
63427
63438
63440
63450
63453
63464
63466
63477
63480
63491
63493
63503
63506
63517
63524
63536
63539
63550
63557
63566
63569
63580
63582
63585
63595
63598
63609
63613
63617
63626
63629
63640
63648
63658
63661
63672
63680
63690
63693
63704
63711
63722
63725
63736
63743
63753
63756
63767
63771
63775
63785
63788
63799
63806
63818
63821
63831
63833
63843
63846
63856
63858
63861
63873
63876
63886
63888
63900
63903
63913
63917
63921
63924
63932
63935
63945
63947
63960
63963
63973
63981
63991
63994
64004
64011
64023
64026
64036
64043
64053
64056
64066
64073
64082
64085
64095
64099
64103
64113
64116
64126
64133
64142
64145
64156
64158
64161
64169
64172
64183
64185
64198
64201
64212
64214
64226
64229
64240
64247
64258
64261
64272
64279
64289
64292
64303
64307
64311
64323
64326
64337
64345
64355
64358
64369
64377
64387
64390
64401
64409
64418
64421
64432
64439
64449
64452
64463
64470
64479
64482
64493
64500
64510
64513
64524
64528
64532
64543
64546
64557
64564
64574
64577
64585
64590
64592
64603
64606
64614
64619
64621
64631
64634
64642
64647
64649
64652
64664
64667
64675
64680
64687
64697
64700
64708
64713
64720
64730
64733
64741
64746
64748
64751
64761
64764
64772
64777
64781
64785
64794
64797
64805
64810
64818
64821
64830
64833
64841
64846
64848
64861
64864
64872
64877
64884
64896
64899
64907
64912
64919
64930
64933
64941
64946
64953
64962
64965
64973
64978
64982
64986
64996
64999
65007
65012
65019
65029
65032
65043
65045
65054
65057
65068
65070
65085
65088
65099
65106
65117
65120
65131
65138
65141
65150
65153
65164
65168
65172
65184
65187
65198
65202
65206
65209
65218
65221
65232
65234
65247
65250
65261
65269
65281
65284
65295
65302
65314
65317
65328
65335
65346
65349
65360
65364
65368
65380
65383
65394
65396
65408
65417
65429
65438
65448
65457
65460
65472
65481
65495
65506
65510
65520
65531
65535
65545
65560
65569
65584
65587
65596
65610
65620
65634
65646
65657
65661
65672
65686
65696
65710
65713
65722
65734
65744
65756
65770
65787
65790
65798
65812
65816
65826
65840
65844
65854
65872
65875
65883
65901
65913
65930
65941
65958
65968
65980
65983
65993
66010
66022
66039
66049
66064
66074
66089
66092
66105
66120
66132
66152
66155
66163
66183
66186
66195
66216
66226
66247
66250
66258
66279
66289
66309
66321
66341
66352
66372
66381
66398
66402
66412
66432
66441
66452
66456
66458
66470
66481
66485
66487
66501
66512
66516
66523
66535
66546
66550
66557
66567
66578
66582
66586
66590
66600
66611
66615
66623
66634
66645
66649
66657
66660
66669
66680
66684
66692
66704
66715
66719
66727
66737
66748
66752
66759
66771
66782
66786
66788
66791
66801
66812
66816
66820
66824
66834
66843
66850
66858
66873
66875
66878
66887
66902
66904
66918
66933
66940
66943
66952
66967
66971
66975
66985
67000
67004
67008
67011
67020
67035
67043
67046
67054
67069
67077
67086
67101
67108
67111
67119
67134
67136
67148
67163
67167
67171
67174
67182
67197
67199
67211
67226
67233
67243
67257
67259
67269
67283
67285
67300
67314
67316
67319
67332
67346
67353
67363
67377
67379
67392
67406
67414
67424
67438
67446
67455
67469
67476
67485
67499
67506
67516
67530
67537
67540
67548
67562
67569
67579
67593
67597
67601
67611
67625
67632
67643
67657
67664
67673
67687
67694
67704
67717
67719
67722
67731
67744
67746
67749
67762
67775
67782
67785
67793
67806
67808
67811
67821
67834
67838
67842
67852
67865
67873
67883
67896
67904
67915
67928
67936
67939
67948
67961
67968
67980
67993
68000
68003
68012
68025
68032
68035
68044
68057
68061
68065
68068
68076
68089
68093
68097
68107
68120
68127
68137
68151
68153
68163
68177
68179
68189
68203
68205
68208
68221
68235
68242
68251
68265
68269
68273
68282
68296
68304
68314
68328
68336
68346
68360
68368
68377
68391
68398
68407
68421
68428
68438
68452
68459
68462
68471
68485
68489
68493
68503
68517
68524
68534
68543
68546
68551
68559
68570
68575
68577
68587
68598
68603
68605
68615
68626
68631
68633
68647
68658
68663
68670
68680
68691
68696
68698
68701
68711
68722
68727
68731
68735
68745
68756
68761
68769
68772
68780
68791
68796
68804
68807
68815
68826
68831
68839
68842
68851
68862
68867
68874
68886
68897
68902
68909
68918
68929
68934
68941
68944
68952
68963
68968
68972
68976
68979
68987
68998
69003
69007
69011
69014
69023
69034
69039
69046
69056
69070
69072
69084
69098
69100
69114
69128
69130
69144
69158
69160
69172
69186
69193
69203
69217
69221
69225
69228
69237
69251
69253
69266
69280
69288
69298
69312
69314
69326
69340
69347
69357
69371
69378
69388
69402
69406
69410
69413
69422
69436
69443
69455
69469
69476
69485
69494
69497
69505
69514
69527
69536
69548
69562
69573
69584
69588
69600
69615
69625
69640
69650
69665
69668
69676
69685
69697
69711
69714
69722
69733
69737
69747
69758
69762
69773
69784
69788
69798
69810
69822
69834
69845
69857
69860
69872
69889
69898
69912
69916
69919
69927
69941
69945
69955
69973
69985
70003
70014
70032
70042
70059
70070
70087
70097
70111
70115
70125
70139
70143
70153
70170
70173
70181
70196
70205
70220
70230
70245
70260
70275
70289
70309
70312
70320
70337
70341
70350
70371
70374
70382
70403
70412
70427
70439
70456
70460
70470
70490
70502
70513
70517
70519
70534
70545
70549
70551
70554
70564
70575
70579
70583
70587
70598
70609
70613
70621
70632
70643
70647
70654
70657
70665
70676
70680
70687
70690
70698
70713
70715
70730
70745
70747
70761
70776
70783
70786
70795
70810
70818
70828
70843
70850
70853
70861
70876
70880
70884
70895
70909
70911
70914
70922
70936
70938
70950
70964
70972
70982
70996
71003
71013
71027
71034
71046
71060
71067
71078
71091
71093
71107
71120
71122
71134
71147
71155
71165
71178
71186
71197
71210
71217
71228
71241
71245
71249
71259
71273
71275
71285
71299
71301
71311
71325
71329
71333
71343
71357
71365
71376
71390
71397
71400
71408
71422
71429
71432
71440
71454
71461
71470
71481
71486
71493
71504
71515
71520
71528
71537
71548
71553
71555
71568
71579
71584
71591
71594
71603
71617
71619
71630
71644
71651
71662
71676
71684
71687
71695
71709
71716
71719
71727
71741
71754
71763
71776
71786
71794
71807
71821
71832
71845
71848
71857
71870
71881
71894
71897
71906
71914
71924
71935
71938
71946
71957
71971
71987
71997
72013
72016
72024
72037
72041
72051
72068
72071
72079
72096
72106
72122
72132
72148
72158
72174
72184
72197
72201
72210
72221
72233
72249
72259
72267
72280
72294
72308
72322
72336
72355
72365
72384
72395
72409
72422
72442
72453
72473
72476
72485
72505
72517
72537
72547
72566
72576
72595
72598
72606
72625
72635
72651
72655
72665
72681
72685
72696
72715
72725
72735
72739
72741
72744
72752
72762
72766
72768
72778
72788
72792
72799
72810
72820
72824
72831
72834
72843
72853
72857
72861
72865
72874
72884
72888
72896
72907
72917
72921
72929
72932
72941
72951
72955
72962
72971
72981
72985
72989
72993
73005
73015
73019
73023
73027
73036
73046
73050
73057
73060
73068
73082
73084
73094
73108
73110
73113
73125
73139
73141
73153
73167
73174
73177
73185
73199
73203
73207
73217
73231
73239
73249
73263
73271
73281
73295
73303
73313
73327
73334
73343
73357
73359
73371
73385
73392
73402
73416
73423
73432
73446
73453
73456
73465
73478
73480
73490
73503
73505
73519
73532
73539
73549
73562
73570
73580
73593
73601
73604
73613
73626
73628
73640
73653
73660
73670
73683
73690
73699
73712
73719
73722
73731
73743
73745
73755
73767
73774
73784
73796
73803
73813
73825
73832
73842
73854
73862
73872
73884
73892
73902
73914
73921
73931
73943
73947
73951
73961
73974
73976
73986
73999
74001
74016
74029
74033
74037
74048
74061
74069
74079
74092
74099
74109
74122
74129
74132
74141
74154
74158
74162
74165
74174
74187
74194
74206
74219
74226
74235
74245
74250
74252
74265
74275
74280
74287
74290
74298
74308
74313
74321
74324
74332
74342
74347
74355
74365
74375
74380
74387
74390
74398
74408
74413
74420
74430
74440
74445
74449
74453
74463
74473
74478
74485
74494
74507
74509
74523
74536
74538
74552
74565
74572
74575
74583
74596
74603
74612
74625
74633
74636
74644
74657
74665
74675
74688
74690
74702
74715
74722
74725
74734
74747
74751
74755
74765
74778
74785
74795
74803
74813
74826
74838
74851
74861
74875
74878
74887
74901
74911
74924
74927
74935
74948
74958
74968
74972
74982
74992
74996
75007
75018
75030
75041
75051
75067
75077
75093
75103
75120
75123
75132
75143
75156
75172
75182
75198
75201
75210
75223
75227
75237
75253
75263
75277
75287
75301
75311
75330
75333
75341
75357
75361
75371
75387
75391
75402
75416
75429
75449
75461
75480
75483
75491
75507
75511
75521
75540
75550
75560
75564
75566
75575
75585
75589
75596
75607
75617
75621
75625
75629
75639
75649
75653
75661
75664
75673
75683
75687
75695
75707
75717
75721
75729
75738
75748
75752
75760
75770
75780
75784
75791
75801
75811
75815
75819
75823
75835
75849
75851
75861
75875
75877
75880
75888
75902
75909
75920
75934
75941
75950
75964
75972
75982
75996
76004
76014
76028
76035
76044
76058
76065
76068
76076
76090
76097
76108
76121
76123
76133
76146
76148
76160
76173
76180
76191
76204
76211
76214
76223
76236
76244
76254
76267
76275
76285
76298
76306
76309
76318
76331
76338
76347
76360
76367
76370
76379
76387
76392
76400
76412
76414
76424
76436
76443
76452
76464
76468
76472
76475
76483
76495
76503
76506
76514
76526
76528
76540
76552
76559
76562
76571
76583
76587
76591
76601
76614
76616
76627
76640
76642
76645
76654
76667
76669
76684
76697
76699
76713
76726
76728
76731
76741
76754
76758
76762
76772
76785
76789
76793
76803
76816
76824
76827
76835
76848
76856
76859
76868
76881
76883
76895
76908
76915
76918
76926
76939
76946
76949
76958
76971
76975
76979
76982
76990
77003
77007
77011
77021
77031
77036
77038
77048
77058
77063
77065
77075
77085
77090
77092
77106
77116
77121
77123
77135
77145
77150
77154
77158
77168
77178
77183
77185
77198
77208
77213
77221
77232
77242
77247
77255
77258
77267
77277
77282
77289
77298
77308
77313
77320
77330
77340
77345
77352
77362
77372
77377
77384
77394
77404
77409
77416
77427
77437
77442
77449
77459
77472
77474
77484
77497
77499
77509
77522
77529
77540
77553
77560
77570
77583
77587
77591
77601
77614
77622
77634
77647
77655
77665
77678
77686
77696
77709
77716
77726
77739
77743
77747
77759
77772
77776
77780
77790
77793
77799
77808
77811
77817
77831
77834
77840
77843
77856
77859
77867
77871
77882
77885
77893
77897
77907
77910
77922
77925
77933
77936
77948
77958
77961
77972
77983
77986
77997
78007
78010
78021
78030
78033
78044
78055
78058
78069
78079
78082
78091
78100
78103
78117
78127
78130
78144
78154
78157
78172
78182
78185
78200
78203
78211
78214
78228
78239
78242
78253
78257
78267
78270
78276
78289
78292
78304
78316
78319
78336
78347
78350
78364
78368
78380
78383
78397
78401
78411
78414
78432
78435
78443
78446
78463
78473
78476
78488
78491
78501
78504
78518
78522
78532
78535
78547
78559
78562
78570
78574
78576
78579
78588
78591
78599
78603
78605
78619
78622
78630
78634
78638
78642
78653
78656
78664
78668
78672
78676
78679
78688
78691
78699
78703
78711
78723
78726
78734
78738
78745
78755
78758
78766
78770
78777
78780
78789
78792
78800
78804
78808
78812
78815
78823
78826
78834
78838
78845
78855
78858
78870
78872
78885
78888
78900
78904
78908
78918
78921
78933
78941
78944
78952
78955
78967
78975
78985
78988
79000
79007
79016
79019
79031
79038
79047
79050
79062
79069
79079
79082
79093
79095
79109
79112
79123
79127
79131
79140
79143
79154
79162
79171
79174
79185
79192
79204
79207
79218
79225
79234
79237
79248
79255
79267
79270
79281
79288
79297
79300
79310
79312
79326
79329
79339
79343
79347
79358
79361
79371
79379
79382
79390
79393
79403
79405
79417
79420
79430
79434
79438
79448
79451
79462
79464
79467
79479
79482
79493
79497
79501
79513
79516
79527
79531
79535
79544
79547
79558
79566
79576
79579
79590
79597
79607
79610
79621
79625
79629
79639
79642
79650
79655
79657
79667
79670
79678
79683
79690
79693
79702
79705
79713
79718
79720
79733
79736
79744
79749
79757
79760
79768
79771
79779
79784
79791
79802
79805
79813
79818
79825
79837
79840
79848
79853
79860
79869
79872
79883
79885
79899
79902
79913
79917
79921
79931
79934
79945
79952
79962
79965
79976
79980
79984
79994
80008
80021
80024
80033
80047
80050
80058
80071
80081
80094
80104
80115
80126
80142
80152
80169
80179
80190
80193
80203
80216
80220
80223
80231
80245
80255
80269
80279
80295
80299
80309
80325
80329
80339
80355
80359
80362
80371
80391
80400
80416
80420
80423
80431
80447
80451
80460
80470
80474
80476
80486
80496
80500
80502
80512
80522
80526
80528
80538
80548
80552
80554
80564
80574
80578
80585
80595
80605
80609
80616
80626
80636
80640
80644
80648
80658
80668
80672
80676
80680
80691
80701
80705
80713
80725
80735
80739
80747
80756
80766
80770
80778
80781
80790
80800
80804
80811
80820
80830
80834
80836
80839
80849
80859
80863
80867
80871
80881
80895
80897
80900
80908
80922
80924
80934
80948
80950
80964
80978
80980
80994
81008
81012
81016
81026
81040
81044
81048
81058
81072
81080
81083
81091
81105
81112
81122
81136
81143
81153
81167
81174
81177
81185
81199
81203
81207
81210
81219
81233
81240
81252
81266
81273
81284
81297
81299
81302
81314
81327
81329
81343
81356
81363
81373
81386
81393
81396
81405
81418
81426
81429
81437
81450
81458
81468
81481
81489
81500
81513
81521
81531
81544
81551
81563
81576
81583
81592
81605
81609
81613
81616
81624
81637
81641
81645
81654
81662
81667
81675
81687
81689
81700
81712
81714
81723
81735
81737
81747
81759
81766
81776
81788
81795
81805
81817
81821
81825
81828
81836
81848
81852
81856
81866
81878
81886
81889
81897
81909
81917
81927
81939
81946
81957
81969
81973
81977
81988
82000
82004
82008
82017
82030
82032
82035
82044
82057
82059
82069
82082
82084
82087
82097
82110
82114
82118
82130
82143
82151
82160
82173
82181
82184
82193
82206
82213
82223
82236
82240
82244
82254
82267
82271
82275
82285
82298
82302
82306
82316
82326
82331
82333
82347
82357
82362
82364
82378
82388
82393
82395
82409
82419
82424
82428
82432
82442
82452
82457
82465
82475
82485
82490
82497
82507
82517
82522
82529
82539
82549
82554
82561
82564
82573
82586
82588
82598
82611
82618
82628
82641
82645
82649
82661
82674
82682
82685
82693
82706
82708
82720
82733
82740
82750
82763
82767
82771
82777
82784
82790
82797
82804
82811
82823
82830
82841
82850
82854
82861
82870
82874
82881
82894
82900
82913
82916
82922
82934
82941
82953
82960
82969
82973
82980
82990
82998
83008
83019
83029
83041
83053
83057
83066
83078
83082
83088
83098
83108
83123
83130
83145
83152
83167
83174
83186
83190
83197
83212
83219
83234
83237
83243
83256
83267
83285
83288
83293
83312
83319
83338
83341
83346
83364
83372
83390
83397
83415
83422
83440
83443
83449
83458
83462
83464
83475
83484
83488
83495
83502
83511
83515
83522
83529
83538
83542
83550
83557
83566
83570
83578
83587
83596
83600
83607
83610
83615
83624
83628
83630
83633
83640
83649
83653
83660
83663
83669
83676
83683
83688
83701
83708
83711
83716
83729
83736
83743
83756
83764
83771
83784
83792
83801
83814
83822
83829
83842
83849
83858
83871
83873
83876
83883
83896
83903
83906
83912
83924
83926
83932
83944
83946
83953
83965
83972
83978
83990
83994
83998
84006
84018
84026
84035
84047
84049
84058
84070
84077
84080
84086
84098
84100
84103
84110
84117
84122
84127
84138
84140
84147
84158
84165
84172
84183
84187
84191
84198
84209
84213
84217
84224
84235
84243
84246
84251
84262
84264
84273
84284
84291
84298
84309
84313
84317
84323
84334
84338
84342
84349
84361
84363
84370
84382
84384
84391
84403
84405
84408
84415
84427
84431
84435
84444
84456
84464
84471
84483
84491
84494
84500
84512
84519
84526
84538
84542
84546
84552
84561
84566
84568
84576
84585
84590
84592
84598
84607
84612
84614
84621
84630
84635
84642
84645
84651
84660
84665
84669
84673
84679
84688
84693
84701
84709
84718
84723
84730
84737
84746
84751
84758
84766
84775
84780
84784
84788
84795
84804
84809
84813
84817
84820
84826
84838
84840
84848
84860
84862
84869
84881
84883
84894
84906
84908
84911
84918
84930
84934
84938
84945
84957
84961
84965
84972
84984
84992
84995
85000
85012
85020
85027
85039
85046
85054
85066
85073
85079
85091
85095
85099
85107
85119
85123
85127
85134
85146
85153
85156
85161
85173
85180
85187
85191
85198
85201
85211
85215
85222
85231
85235
85247
85250
85255
85259
85266
85276
85280
85293
85302
85306
85313
85322
85326
85338
85345
85349
85358
85362
85368
85372
85384
85392
85396
85406
85409
85418
85422
85432
85441
85445
85455
85465
85469
85485
85492
85496
85506
85516
85520
85535
85538
85544
85548
85563
85572
85576
85591
85597
85601
85611
85620
85624
85637
85640
85646
85650
85668
85675
85679
85698
85701
85707
85711
85729
85736
85740
85755
85759
85765
85769
85778
85782
85784
85787
85793
85797
85806
85810
85812
85823
85827
85836
85840
85844
85848
85857
85861
85870
85874
85882
85890
85894
85903
85907
85914
85920
85924
85933
85937
85944
85951
85955
85964
85968
85975
85982
85986
85999
86001
86012
86016
86029
86037
86043
86047
86060
86062
86072
86076
86089
86096
86102
86106
86119
86126
86133
86137
86149
86151
86158
86162
86174
86176
86184
86188
86200
86207
86215
86219
86231
86238
86241
86247
86251
86263
86271
86279
86283
86295
86303
86306
86312
86316
86328
86330
86340
86344
86356
86363
86369
86373
86385
86387
86396
86400
86412
86419
86428
86432
86444
86451
86454
86459
86463
86475
86482
86489
86493
86504
86506
86513
86517
86528
86530
86537
86541
86552
86559
86566
86570
86581
86588
86595
86599
86610
86614
86618
86621
86626
86630
86641
86649
86656
86660
86671
86679
86682
86687
86691
86702
86704
86713
86717
86728
86735
86738
86743
86747
86758
86765
86768
86774
86778
86789
86793
86797
86806
86810
86821
86825
86829
86836
86840
86852
86854
86861
86865
86877
86879
86890
86894
86906
86910
86914
86921
86925
86937
86945
86948
86953
86957
86969
86976
86979
86984
86988
87000
87002
87011
87015
87027
87034
87043
87047
87059
87066
87073
87077
87086
87091
87093
87104
87108
87117
87122
87129
87135
87139
87148
87153
87161
87168
87172
87181
87186
87194
87201
87205
87214
87219
87226
87232
87236
87245
87250
87257
87260
87265
87269
87278
87283
87290
87299
87303
87310
87316
87321
87325
87337
87339
87342
87352
87356
87368
87370
87379
87383
87395
87403
87412
87416
87428
87430
87440
87444
87456
87463
87470
87474
87486
87493
87496
87502
87506
87518
87525
87532
87536
87545
87553
87557
87571
87574
87579
87583
87592
87595
87602
87606
87621
87628
87632
87647
87653
87657
87671
87679
87683
87697
87703
87707
87721
87729
87733
87747
87753
87757
87771
87778
87782
87794
87804
87808
87820
87823
87833
87837
87849
87859
87863
87881
87888
87892
87909
87917
87921
87938
87944
87948
87965
87972
87976
87990
87994
88001
88005
88022
88029
88033
88050
88057
88061
88076
88079
88088
88092
88112
88119
88123
88143
88151
88155
88170
88180
88184
88205
88208
88214
88218
88238
88244
88248
88268
88271
88276
88280
88300
88307
88311
88331
88334
88340
88344
88355
88359
88361
88371
88375
88386
88390
88392
88401
88405
88416
88420
88427
88435
88439
88450
88454
88462
88470
88474
88485
88489
88497
88500
88506
88510
88521
88525
88533
88542
88546
88557
88561
88568
88575
88579
88590
88594
88601
88604
88609
88613
88624
88628
88635
88642
88646
88657
88661
88663
88666
88673
88677
88688
88692
88699
88702
88708
88712
88721
88728
88733
88737
88752
88754
88757
88762
88766
88781
88788
88795
88799
88814
88821
88824
88829
88833
88848
88856
88863
88867
88882
88890
88897
88901
88916
88918
88927
88931
88946
88953
88961
88965
88980
88987
88990
88996
89000
89015
89022
89029
89033
89047
89049
89056
89060
89074
89076
89079
89085
89089
89103
89110
89117
89121
89135
89139
89143
89146
89151
89155
89169
89177
89186
89190
89204
89212
89219
89223
89237
89244
89247
89253
89257
89271
89275
89279
89286
89290
89304
89308
89312
89315
89321
89325
89338
89340
89347
89351
89364
89366
89373
89377
89390
89392
89395
89404
89408
89421
89425
89429
89438
89442
89455
89459
89463
89470
89474
89487
89495
89504
89508
89521
89529
89536
89540
89553
89560
89569
89573
89586
89593
89601
89605
89618
89622
89626
89635
89639
89652
89656
89660
89667
89671
89684
89688
89692
89699
89703
89717
89719
89726
89730
89744
89746
89753
89757
89771
89773
89784
89788
89802
89806
89810
89819
89823
89837
89841
89845
89852
89856
89870
89874
89878
89885
89889
89903
89911
89920
89924
89938
89946
89949
89955
89959
89973
89980
89983
89988
89992
90006
90013
90020
90024
90038
90045
90052
90056
90070
90074
90078
90085
90089
90103
90110
90119
90123
90132
90135
90140
90145
90149
90160
90165
90167
90178
90182
90193
90198
90205
90214
90218
90229
90234
90236
90239
90246
90250
90261
90266
90270
90274
90277
90282
90286
90297
90302
90310
90313
90319
90323
90334
90339
90347
90350
90355
90359
90370
90375
90377
90386
90390
90401
90406
90413
90419
90423
90434
90439
90443
90447
90454
90458
90469
90474
90478
90482
90489
90493
90504
90509
90513
90517
90524
90528
90542
90544
90551
90555
90569
90571
90578
90582
90596
90598
90610
90614
90628
90630
90633
90643
90647
90661
90665
90669
90677
90681
90695
90699