1
3
19
21
35
46
57
65
67
75
77
85
87
97
107
118
129
139
174
188
201
216
228
229
239
240
253
254
259
271
272
277
287
288
294
304
305
312
318
319
323
325
336
337
341
343
354
355
359
361
371
372
377
387
388
393
398
399
405
406
411
421
422
428
438
439
445
457
458
463
509
563
582
601
619
638
657
675
677
695
697
714
716
732
734
752
770
775
776
790
809
828
848
867
887
947
965
970
971
985
1006
1027
1046
1063
1065
1082
1084
1102
1104
1132
1134
1153
1158
1159
1198
1215
1217
1233
1249
1265
1281
1331
1336
1337
1351
1368
1370
1375
1376
1390
1403
1420
1437
1466
1488
1507
1509
1529
1547
1562
1564
1582
1595
1613
1633
1647
1657
1659
1671
1673
1687
1692
1693
1703
1720
1721
1746
1751
1752
1765
1781
1783
1799
1801
1818
1820
1836
1851
1852
1869
1870
1887
1888
1894
1908
1909
1915
1928
1929
1932
1934
1947
1948
1954
1976
1998
2019
2039
2041
2060
2062
2086
2103
2124
2145
2180
2198
2217
2219
2240
2292
2313
2331
2333
2338
2339
2353
2355
2377
2382
2383
2399
2438
2459
2477
2479
2497
2499
2518
2537
2558
2577
2582
2583
2598
2636
2652
2673
2691
2693
2712
2714
2719
2720
2734
2736
2757
2778
2799
2862
2881
2901
2903
2924
2926
2931
2932
2948
2950
2973
2992
3015
3039
3111
3133
3154
3159
3160
3177
3199
3220
3241
3243
3264
3283
3295
3296
3310
3311
3317
3327
3328
3334
3344
3345
3349
3351
3357
3358
3361
3363
3368
3369
3375
3376
3382
3391
3392
3406
3407
3415
3426
3427
3436
3446
3447
3457
3463
3464
3472
3484
3485
3490
3491
3505
3506
3511
3512
3526
3527
3532
3533
3540
3546
3547
3552
3553
3558
3563
3564
3570
3571
3594
3595
3609
3619
3620
3634
3645
3646
3660
3672
3673
3687
3697
3698
3710
3712
3723
3724
3736
3738
3748
3749
3762
3772
3773
3787
3792
3793
3799
3800
3814
3825
3826
3839
3849
3850
3864
3876
3877
3889
3891
3901
3902
3915
3925
3926
3939
3949
3950
3963
3973
3974
3987
3997
3998
4021
4022
4035
4045
4046
4057
4059
4071
4072
4084
4094
4095
4108
4113
4114
4120
4121
4134
4145
4146
4158
4170
4171
4183
4192
4193
4203
4205
4210
4211
4217
4218
4229
4240
4241
4252
4262
4263
4274
4285
4286
4298
4308
4309
4331
4332
4353
4354
4367
4373
4374
4387
4398
4399
4412
4421
4422
4433
4435
4445
4446
4458
4470
4471
4483
4493
4494
4506
4508
4513
4514
4520
4521
4536
4546
4547
4564
4565
4583
4584
4596
4607
4608
4620
4629
4630
4643
4653
4654
4667
4672
4673
4679
4680
4693
4705
4706
4718
4720
4726
4727
4739
4750
4751
4763
4768
4769
4780
4799
4805
4820
4842
4851
4867
4874
4876
4892
4899
4901
4916
4923
4925
4936
4944
4959
4967
4982
4987
4988
4994
5005
5010
5011
5017
5032
5037
5038
5044
5060
5065
5066
5069
5071
5087
5092
5093
5099
5115
5120
5121
5126
5141
5146
5147
5152
5166
5189
5216
5243
5256
5271
5284
5301
5315
5331
5345
5361
5375
5390
5404
5419
5431
5433
5448
5460
5462
5477
5489
5491
5508
5519
5521
5536
5547
5549
5565
5576
5578
5595
5606
5608
5623
5636
5651
5664
5678
5692
5697
5698
5709
5722
5737
5750
5755
5756
5767
5789
5812
5839
5852
5866
5879
5894
5908
5922
5936
5950
5964
5979
5991
5993
6008
6019
6021
6037
6048
6050
6066
6079
6084
6085
6096
6110
6126
6140
6155
6169
6180
6193
6208
6230
6251
6277
6289
6304
6316
6330
6342
6357
6370
6375
6376
6387
6400
6416
6430
6441
6454
6468
6481
6496
6507
6509
6514
6515
6526
6537
6539
6555
6566
6568
6585
6595
6597
6613
6623
6625
6641
6654
6665
6677
6692
6704
6720
6732
6747
6768
6793
6805
6816
6828
6844
6856
6871
6883
6897
6907
6909
6920
6931
6936
6937
6948
6959
6975
6987
7002
7013
7028
7039
7056
7078
7090
7105
7117
7133
7145
7161
7174
7188
7201
7218
7231
7248
7261
7276
7286
7288
7293
7294
7305
7317
7322
7323
7334
7346
7362
7375
7390
7402
7407
7408
7419
7431
7447
7459
7474
7495
7524
7538
7553
7567
7581
7596
7611
7626
7641
7655
7657
7668
7680
7682
7698
7712
7726
7740
7755
7770
7785
7799
7814
7836
7848
7849
7860
7886
7898
7913
7925
7939
7952
7967
7980
7995
8007
8009
8020
8030
8032
8048
8060
8076
8088
8104
8117
8132
8144
8159
8171
8188
8193
8208
8213
8218
8219
8230
8236
8251
8257
8272
8278
8292
8296
8298
8313
8317
8319
8334
8339
8354
8359
8364
8365
8376
8382
8398
8403
8419
8424
8439
8459
8482
8505
8514
8525
8533
8548
8557
8573
8582
8597
8606
8620
8627
8629
8646
8655
8666
8674
8689
8698
8714
8722
8727
8728
8739
8747
8763
8768
8769
8785
8790
8791
8806
8811
8812
8827
8832
8833
8852
8857
8858
8877
8882
8883
8904
8909
8910
8915
8930
8935
8936
8943
8954
8959
8960
8966
8981
8986
8987
8991
8993
8998
8999
9010
9015
9016
9019
9021
9026
9027
9038
9043
9044
9047
9049
9065
9070
9071
9076
9092
9097
9098
9104
9119
9124
9125
9131
9145
9150
9151
9156
9173
9198
9221
9235
9250
9264
9269
9270
9281
9293
9295
9311
9323
9325
9341
9352
9354
9369
9382
9398
9411
9427
9441
9456
9469
9486
9499
9514
9527
9542
9555
9570
9583
9588
9589
9600
9614
9630
9644
9659
9673
9688
9702
9716
9728
9730
9747
9761
9772
9785
9800
9814
9830
9843
9859
9872
9888
9909
9933
9960
9987
10000
10011
10023
10038
10051
10065
10078
10092
10105
10120
10130
10132
10148
10158
10160
10175
10188
10204
10217
10233
10245
10259
10280
10303
10315
10326
10337
10352
10365
10376
10388
10404
10414
10416
10432
10442
10444
10460
10469
10471
10486
10497
10502
10503
10514
10525
10541
10552
10567
10580
10591
10602
10618
10640
10661
10689
10702
10713
10725
10739
10751
10766
10779
10794
10806
10808
10819
10830
10832
10847
10857
10859
10875
10885
10887
10904
10914
10916
10931
10945
10956
10968
10983
11007
11022
11033
11048
11053
11054
11065
11078
11080
11095
11107
11109
11124
11138
11154
11168
11182
11196
11201
11202
11213
11227
11242
11264
11289
11301
11317
11329
11344
11357
11371
11384
11400
11411
11413
11428
11438
11440
11455
11468
11473
11474
11485
11498
11513
11526
11543
11555
11570
11584
11598
11616
11634
11640
11645
11646
11656
11662
11676
11682
11698
11704
11719
11723
11725
11735
11738
11740
11754
11757
11759
11772
11775
11777
11791
11796
11810
11816
11830
11835
11840
11841
11851
11856
11871
11876
11890
11911
11920
11930
11938
11952
11960
11973
11982
11996
12005
12018
12027
12041
12048
12050
12055
12056
12066
12072
12074
12087
12096
12110
12115
12116
12133
12138
12139
12145
12160
12165
12166
12170
12172
12185
12190
12191
12196
12210
12215
12216
12222
12237
12259
12285
12299
12313
12327
12341
12352
12354
12368
12381
12395
12409
12419
12442
12468
12482
12496
12510
12525
12539
12555
12567
12569
12579
12590
12592
12597
12598
12608
12621
12635
12649
12663
12676
12690
12713
12738
12750
12764
12777
12790
12803
12817
12830
12844
12854
12856
12870
12882
12895
12907
12923
12935
12949
12968
12990
13001
13016
13028
13041
13051
13053
13067
13076
13078
13093
13104
13120
13131
13136
13137
13147
13158
13172
13183
13199
13220
13232
13237
13238
13248
13261
13275
13287
13289
13299
13310
13312
13326
13337
13339
13352
13362
13364
13378
13391
13405
13419
13433
13448
13462
13475
13477
13482
13483
13493
13505
13507
13520
13534
13548
13562
13577
13600
13612
13617
13618
13628
13641
13654
13666
13668
13678
13688
13690
13705
13717
13731
13743
13757
13769
13783
13798
13815
13820
13833
13839
13852
13858
13873
13878
13880
13889
13892
13894
13906
13911
13924
13930
13944
13950
13963
13968
13980
13996
14004
14016
14026
14035
14042
14044
14057
14063
14065
14078
14088
14097
14105
14119
14124
14125
14140
14145
14146
14153
14162
14167
14168
14172
14174
14187
14192
14193
14198
14211
14216
14217
14223
14236
14258
14282
14297
14306
14320
14325
14326
14335
14347
14349
14362
14376
14385
14398
14411
14424
14436
14450
14463
14481
14505
14520
14529
14543
14556
14568
14570
14584
14595
14597
14612
14626
14639
14652
14664
14684
14704
14729
14753
14765
14777
14790
14803
14816
14829
14840
14842
14855
14865
14867
14879
14889
14891
14906
14919
14932
14944
14957
14969
14982
15006
15017
15031
15042
15055
15067
15080
15090
15092
15106
15115
15117
15130
15141
15154
15165
15170
15171
15180
15201
15214
15223
15236
15241
15242
15251
15264
15277
15287
15289
15304
15316
15330
15352
15377
15391
15406
15421
15435
15448
15450
15462
15476
15489
15504
15518
15532
15545
15565
15585
15598
15607
15620
15633
15646
15658
15671
15684
15697
15712
15723
15725
15738
15750
15763
15776
15790
15795
15796
15806
15825
15830
15846
15852
15866
15870
15872
15885
15890
15906
15912
15922
15939
15960
15969
15984
15993
16007
16013
16015
16029
16037
16052
16061
16077
16082
16083
16097
16102
16103
16123
16128
16129
16135
16149
16154
16155
16161
16177
16182
16183
16186
16188
16202
16207
16208
16213
16226
16231
16232
16238
16251
16256
16257
16263
16279
16284
16285
16290
16305
16310
16311
16316
16331
16353
16379
16392
16397
16398
16408
16421
16436
16450
16465
16479
16492
16503
16505
16510
16511
16521
16534
16548
16562
16572
16585
16586
16596
16618
16642
16668
16682
16696
16710
16724
16736
16738
16752
16765
16780
16793
16807
16819
16834
16847
16863
16874
16876
16891
16901
16903
16917
16930
16944
16956
16969
16993
17004
17017
17029
17043
17053
17055
17069
17079
17081
17095
17104
17106
17122
17135
17145
17157
17162
17163
17173
17184
17200
17212
17226
17238
17251
17265
17275
17286
17288
17302
17315
17325
17338
17352
17364
17378
17406
17421
17434
17449
17465
17480
17494
17507
17509
17519
17534
17547
17561
17577
17603
17615
17629
17642
17656
17667
17669
17674
17675
17685
17695
17697
17711
17725
17735
17747
17762
17777
17792
17798
17809
17816
17827
17833
17838
17839
17850
17856
17873
17877
17879
17890
17895
17909
17915
17932
17951
17973
17982
17987
17988
17999
18008
18024
18031
18033
18048
18056
18071
18080
18097
18105
18121
18126
18127
18144
18149
18150
18170
18175
18176
18197
18202
18203
18222
18227
18228
18235
18246
18251
18252
18258
18272
18277
18278
18282
18284
18299
18304
18305
18309
18311
18326
18331
18332
18337
18342
18343
18354
18359
18360
18365
18382
18387
18388
18393
18398
18399
18410
18415
18416
18421
18435
18440
18441
18446
18463
18491
18518
18545
18559
18575
18589
18604
18616
18618
18634
18646
18648
18663
18674
18676
18692
18703
18705
18720
18733
18747
18761
18766
18767
18778
18791
18808
18832
18859
18872
18888
18902
18917
18929
18931
18946
18960
18965
18966
18977
18999
19026
19038
19053
19066
19082
19095
19112
19123
19125
19140
19152
19168
19181
19186
19187
19198
19210
19225
19245
19257
19268
19279
19294
19305
19320
19332
19346
19356
19358
19373
19382
19384
19398
19409
19425
19437
19452
19463
19480
19507
19519
19524
19525
19536
19548
19563
19575
19592
19605
19620
19633
19648
19658
19660
19676
19686
19688
19705
19715
19717
19732
19745
19760
19773
19784
19796
19811
19834
19862
19876
19891
19905
19920
19935
19940
19941
19952
19967
19983
19996
19998
20003
20004
20015
20028
20030
20045
20058
20060
20077
20091
20106
20121
20126
20127
20138
20153
20169
20192
20214
20236
20262
20276
20287
20300
20315
20328
20342
20355
20371
20382
20384
20400
20411
20413
20428
20439
20441
20452
20462
20464
20478
20491
20506
20519
20533
20546
20561
20573
20588
20600
20616
20628
20645
20657
20671
20685
20703
20720
20738
20743
20757
20762
20775
20780
20794
20800
20816
20822
20837
20843
20858
20864
20878
20884
20898
20901
20903
20917
20923
20933
20938
20952
20957
20970
20975
20980
20981
20991
20996
21010
21015
21031
21049
21070
21078
21093
21101
21115
21124
21138
21147
21161
21169
21171
21181
21188
21190
21204
21211
21213
21226
21234
21249
21257
21273
21278
21279
21284
21298
21303
21304
21310
21324
21329
21330
21335
21337
21347
21352
21353
21356
21358
21373
21378
21379
21382
21384
21398
21403
21404
21410
21420
21425
21426
21432
21446
21451
21452
21457
21472
21477
21478
21483
21497
21523
21536
21551
21564
21578
21592
21606
21618
21620
21625
21626
21636
21648
21650
21665
21676
21678
21692
21706
21711
21712
21722
21735
21751
21777
21790
21804
21818
21832
21844
21846
21859
21870
21872
21886
21900
21913
21926
21940
21966
21978
21992
22005
22010
22011
22021
22032
22034
22048
22061
22071
22084
22099
22112
22128
22141
22155
22172
22197
22210
22220
22232
22247
22257
22259
22273
22284
22299
22311
22327
22339
22340
22350
22374
22386
22402
22416
22426
22439
22453
22463
22465
22479
22491
22496
22497
22507
22520
22534
22554
22582
22598
22608
22623
22638
22651
22653
22667
22681
22686
22687
22697
22712
22728
22749
22762
22777
22788
22790
22800
22813
22827
22837
22855
22860
22875
22881
22897
22901
22903
22917
22920
22922
22936
22941
22957
22962
22967
22968
22978
22995
23004
23014
23024
23034
23043
23048
23049
23059
23068
23084
23091
23093
23109
23116
23118
23128
23136
23150
23159
23175
23180
23181
23196
23201
23202
23220
23225
23226
23232
23247
23252
23253
23259
23273
23278
23279
23283
23285
23299
23304
23305
23312
23322
23345
23371
23384
23397
23411
23425
23437
23439
23444
23445
23455
23466
23468
23482
23495
23508
23522
23538
23561
23588
23613
23627
23632
23633
23643
23657
23662
23663
23673
23687
23702
23714
23716
23726
23737
23739
23753
23766
23780
23794
23807
23820
23834
23846
23847
23857
23879
23905
23917
23931
23944
23958
23969
23971
23976
23977
23987
23997
23999
24013
24027
24037
24049
24063
24074
24075
24085
24111
24124
24134
24143
24145
24159
24171
24185
24197
24198
24208
24234
24246
24260
24273
24287
24298
24300
24314
24324
24326
24339
24351
24365
24377
24392
24414
24439
24466
24482
24492
24507
24512
24513
24523
24538
24552
24565
24567
24581
24594
24596
24610
24624
24638
24653
24667
24682
24696
24718
24744
24768
24781
24795
24808
24822
24833
24835
24848
24858
24860
24876
24889
24923
24928
24929
24945
24966
24986
24988
25007
25009
25027
25029
25048
25071
25086
25142
25166
25189
25191
25212
25214
25239
25244
25245
25263
25281
25282
25301
25302
25307
25308
25323
25324
25348
25349
25354
25373
25374
25380
25385
25386
25401
25402
25405
25407
25427
25428
25434
25509
25537
25564
25566
25593
25621
25721
25751
25782
25804
25806
25831
25833
25862
25890
25919
25946
26000
26026
26052
26054
26081
26104
26131
26182
26210
26232
26258
26281
26283
26305
26307
26312
26313
26334
26359
26364
26365
26386
26461
26488
26515
26542
26572
26593
26595
26621
26623
26648
26650
26676
26681
26682
26704
26730
26756
26782
26860
26885
26915
26940
26967
26969
26996
26998
27025
27053
27081
27129
27153
27176
27203
27205
27210
27211
27232
27234
27256
27284
27289
27290
27312
27320
27335
27356
27367
27376
27388
27397
27409
27420
27431
27433
27438
27448
27450
27459
27469
27471
27479
27488
27490
27498
27509
27514
27515
27520
27531
27541
27553
27562
27573
27581
27599
27621
27642
27657
27667
27682
27693
27708
27717
27732
27741
27754
27756
27761
27773
27775
27784
27796
27798
27806
27821
27826
27840
27845
27846
27851
27866
27875
27890
27895
27909
27918
27932
27940
27951
27952
27961
27972
27973
27986
27997
27998
28010
28021
28022
28027
28032
28033
28038
28049
28050
28056
28065
28076
28077
28081
28083
28092
28103
28104
28110
28119
28130
28131
28136
28145
28173
28192
28201
28221
28230
28248
28250
28255
28256
28261
28279
28281
28291
28308
28310
28321
28341
28350
28369
28378
28401
28428
28448
28453
28454
28459
28476
28478
28489
28509
28514
28515
28520
28539
28547
28569
28587
28596
28615
28624
28641
28643
28652
28668
28670
28679
28695
28697
28706
28724
28733
28752
28757
28775
28780
28781
28786
28804
28813
28831
28842
28865
28882
28891
28909
28918
28936
28945
28960
28962
28972
28989
28997
29015
29020
29047
29066
29077
29095
29097
29102
29118
29120
29130
29148
29157
29176
29181
29206
29234
29256
29261
29282
29292
29311
29313
29323
29342
29344
29352
29373
29378
29399
29404
29405
29410
29430
29439
29461
29479
29489
29508
29517
29536
29545
29561
29563
29574
29593
29645
29669
29689
29691
29711
29713
29733
29735
29756
29776
29799
29845
29866
29891
29915
29940
29963
29965
29991
29996
29997
30018
30043
30064
30065
30071
30088
30089
30095
30100
30101
30118
30119
30125
30146
30147
30153
30176
30177
30183
30206
30207
30210
30212
30233
30234
30239
30260
30261
30267
30288
30289
30295
30316
30317
30322
30375
30404
30433
30463
30491
30493
30498
30499
30522
30524
30529
30530
30553
30555
30585
30616
30698
30729
30758
30760
30765
30766
30791
30820
30850
30855
30856
30882
30912
30988
31013
31043
31071
31073
31078
31079
31103
31149
31230
31260
31286
31288
31314
31316
31340
31342
31371
31401
31431
31506
31535
31563
31565
31591
31593
31622
31651
31713
31740
31772
31801
31803
31808
31809
31834
31836
31868
31899
31933
31960
31990
31995
31996
32022
32100
32131
32156
32185
32187
32209
32211
32238
32240
32272
32296
32352
32373
32395
32400
32401
32419
32440
32442
32461
32463
32483
32485
32506
32530
32553
32619
32644
32670
32691
32716
32738
32740
32763
32765
32770
32771
32789
32791
32813
32815
32841
32846
32847
32867
32893
32917
32922
32923
32943
32968
32991
32992
33017
33018
33042
33043
33068
33069
33074
33096
33097
33103
33123
33124
33128
33130
33153
33154
33160
33165
33166
33183
33184
33189
33242
33267
33296
33325
33355
33385
33412
33414
33419
33420
33445
33474
33503
33562
33593
33621
33623
33646
33648
33679
33731
33755
33784
33812
33814
33839
33841
33872
33897
33926
33954
33981
34008
34035
34061
34063
34068
34069
34090
34092
34121
34174
34201
34203
34230
34232
34260
34289
34369
34401
34428
34433
34434
34459
34461
34489
34491
34519
34521
34551
34582
34612
34690
34695
34696
34721
34749
34751
34777
34779
34808
34813
34814
34819
34834
34854
34867
34876
34889
34894
34895
34900
34911
34913
34922
34932
34934
34943
34957
34962
34975
34980
34992
34997
34998
35003
35021
35044
35067
35084
35089
35105
35114
35128
35130
35140
35153
35155
35164
35180
35185
35200
35209
35226
35231
35243
35244
35253
35265
35266
35280
35292
35293
35298
35308
35320
35321
35327
35335
35347
35348
35354
35363
35375
35376
35382
35387
35388
35393
35405
35406
35410
35412
35421
35433
35434
35437
35439
35449
35461
35462
35467
35476
35488
35489
35495
35504
35516
35517
35523
35532
35557
35584
35606
35611
35630
35632
35637
35638
35643
35663
35672
35692
35701
35724
35744
35753
35774
35783
35804
35815
35835
35837
35842
35860
35862
35867
35868
35873
35893
35901
35922
35931
35955
35984
36004
36009
36010
36015
36035
36044
36061
36063
36072
36092
36101
36120
36131
36153
36172
36177
36196
36206
36225
36233
36250
36252
36263
36281
36290
36309
36319
36337
36346
36365
36374
36393
36403
36422
36431
36451
36462
36481
36483
36488
36505
36507
36517
36536
36544
36564
36569
36588
36597
36616
36624
36648
36669
36678
36701
36706
36728
36736
36756
36758
36763
36764
36769
36788
36790
36798
36820
36825
36846
36851
36852
36857
36879
36888
36910
36915
36937
36956
36965
36984
36989
36990
36995
37015
37024
37042
37044
37049
37066
37068
37077
37097
37107
37126
37135
37150
37170
37189
37201
37209
37222
37230
37241
37243
37248
37249
37253
37263
37265
37273
37285
37293
37306
37311
37312
37316
37329
37338
37350
37358
37373
37374
37378
37397
37412
37421
37436
37446
37461
37469
37485
37493
37509
37517
37531
37533
37542
37556
37558
37566
37579
37581
37589
37604
37612
37628
37633
37634
37638
37654
37663
37679
37686
37702
37712
37724
37725
37730
37731
37735
37747
37748
37756
37768
37769
37779
37791
37792
37805
37817
37818
37823
37830
37842
37843
37849
37857
37869
37870
37876
37881
37882
37886
37898
37899
37905
37915
37927
37928
37932
37934
37942
37954
37955
37959
37961
37968
37980
37981
37985
37987
37995
38007
38008
38011
38013
38022
38034
38035
38040
38048
38060
38061
38067
38076
38088
38089
38095
38103
38115
38116
38122
38126
38149
38172
38199
38225
38246
38254
38273
38275
38284
38304
38312
38332
38337
38338
38342
38362
38370
38390
38400
38425
38445
38453
38474
38481
38501
38503
38507
38525
38527
38535
38555
38563
38583
38588
38589
38593
38616
38638
38660
38686
38705
38713
38733
38742
38762
38772
38789
38791
38796
38797
38801
38820
38825
38826
38830
38850
38858
38878
38885
38904
38911
38938
38957
38962
38963
38967
38983
38985
38995
39014
39019
39020
39024
39042
39049
39071
39090
39099
39119
39126
39146
39156
39174
39176
39181
39182
39186
39203
39205
39213
39234
39238
39257
39266
39290
39318
39340
39349
39371
39379
39398
39400
39409
39430
39439
39460
39467
39488
39496
39518
39541
39567
39588
39592
39612
39621
39639
39641
39648
39665
39667
39675
39694
39750
39771
39791
39793
39813
39815
39833
39835
39855
39876
39896
39955
39960
39961
39981
40005
40027
40029
40050
40052
40057
40058
40075
40077
40101
40126
40148
40149
40165
40166
40171
40191
40192
40197
40216
40217
40223
40245
40246
40250
40252
40272
40273
40276
40278
40298
40299
40304
40324
40325
40331
40350
40351
40357
40387
40388
40439
40468
40497
40499
40504
40505
40527
40529
40558
40610
40639
40669
40695
40697
40727
40751
40850
40879
40904
40906
40933
41006
41033
41038
41039
41060
41062
41085
41087
41111
41113
41139
41166
41193
41219
41245
41298
41326
41354
41379
41381
41386
41387
41410
41437
41442
41443
41466
41548
41578
41609
41641
41670
41672
41696
41698
41726
41756
41785
41815
41840
41916
41921
41922
41944
41946
41973
42002
42007
42008
42032
42060
42089
42128
42151
42173
42196
42218
42220
42240
42263
42280
42323
42347
42370
42395
42421
42445
42447
42468
42488
42512
42535
42556
42557
42562
42563
42580
42581
42603
42604
42609
42614
42615
42632
42633
42638
42659
42660
42665
42688
42689
42695
42716
42717
42723
42743
42744
42748
42750
42771
42772
42776
42778
42783
42784
42801
42802
42806
42808
42831
42832
42837
42842
42843
42860
42861
42866
42887
42888
42893
42916
42917
42923
42928
42929
42946
42947
42953
42975
42976
42981
43111
43140
43170
43175
43176
43202
43232
43237
43238
43264
43293
43295
43324
43326
43354
43356
43379
43381
43411
43416
43417
43443
43473
43504
43534
43565
43673
43703
43734
43760
43790
43816
43818
43848
43906
43933
43935
43963
43992
44096
44125
44152
44179
44181
44209
44237
44263
44268
44269
44341
44366
44396
44422
44424
44450
44452
44477
44479
44507
44537
44595
44600
44601
44626
44628
44658
44663
44664
44691
44721
44722
44773
44802
44831
44857
44859
44881
44883
44909
44911
44938
44966
44986
45006
45027
45029
45048
45050
45070
45075
45076
45092
45115
45138
45162
45187
45205
45207
45212
45213
45230
45232
45258
45282
45305
45328
45350
45351
45371
45372
45377
45397
45398
45404
45424
45425
45429
45431
45451
45452
45455
45457
45479
45480
45485
45505
45506
45511
45564
45589
45594
45595
45620
45646
45648
45674
45676
45706
45736
45741
45742
45767
45796
45849
45878
45905
45907
45912
45913
45935
45937
45968
46039
46067
46095
46122
46149
46151
46179
46206
46211
46212
46256
46279
46307
46334
46336
46363
46365
46387
46413
46439
46543
46548
46549
46573
46599
46601
46624
46653
46681
46738
46766
46768
46773
46774
46799
46827
46877
46901
46930
46954
46980
46982
46987
46988
47009
47011
47039
47067
47093
47105
47119
47133
47150
47158
47170
47180
47186
47195
47205
47212
47214
47226
47233
47235
47241
47249
47259
47267
47277
47292
47303
47313
47324
47333
47344
47354
47366
47378
47388
47390
47401
47410
47412
47422
47433
47438
47439
47445
47453
47454
47469
47477
47478
47484
47493
47501
47502
47505
47507
47512
47513
47519
47527
47528
47533
47542
47550
47551
47557
47567
47585
47610
47626
47638
47655
47660
47661
47667
47682
47684
47694
47710
47720
47737
47742
47743
47749
47766
47777
47795
47820
47846
47862
47874
47891
47901
47918
47928
47943
47945
47950
47951
47957
47971
47973
47978
47979
47985
47999
48001
48012
48028
48040
48056
48066
48085
48109
48125
48136
48152
48161
48174
48176
48186
48201
48212
48228
48240
48256
48278
48292
48304
48319
48329
48342
48344
48354
48368
48378
48393
48403
48424
48440
48446
48462
48474
48490
48501
48515
48517
48527
48540
48542
48547
48548
48554
48569
48579
48596
48602
48617
48628
48647
48672
48689
48694
48695
48701
48719
48729
48747
48758
48774
48776
48788
48803
48805
48816
48833
48845
48863
48874
48891
48903
48923
48944
48968
48983
48994
49010
49021
49037
49049
49063
49065
49070
49071
49077
49091
49093
49103
49119
49125
49140
49150
49167
49173
49189
49199
49214
49224
49239
49248
49265
49286
49299
49309
49322
49332
49345
49351
49363
49375
49387
49398
49418
49442
49457
49468
49484
49496
49512
49522
49535
49537
49547
49560
49562
49572
49587
49597
49613
49623
49639
49651
49667
49673
49685
49686
49697
49709
49710
49724
49736
49737
49752
49764
49765
49770
49779
49791
49792
49798
49809
49821
49822
49828
49838
49850
49851
49855
49857
49867
49879
49880
49885
49896
49908
49909
49914
49926
49938
49939
49944
49954
49966
49967
49973
49984
49996
49997
50002
50014
50040
50066
50091
50111
50122
50142
50152
50174
50180
50201
50211
50232
50242
50263
50273
50292
50294
50299
50300
50306
50325
50327
50338
50357
50359
50368
50387
50389
50401
50421
50432
50452
50464
50484
50494
50515
50520
50521
50527
50548
50559
50579
50591
50617
50643
50668
50689
50695
50715
50725
50745
50754
50775
50780
50781
50787
50808
50817
50836
50838
50848
50867
50869
50874
50875
50881
50900
50902
50912
50932
50937
50938
50944
50964
50974
50994
51006
51027
51038
51058
51068
51087
51098
51118
51127
51145
51147
51157
51174
51176
51187
51206
51218
51237
51242
51243
51249
51271
51300
51319
51325
51343
51353
51371
51380
51399
51408
51427
51439
51457
51459
51465
51481
51483
51493
51511
51520
51538
51550
51568
51573
51574
51580
51603
51631
51650
51660
51679
51684
51685
51691
51711
51721
51739
51741
51751
51770
51780
51800
51806
51833
51865
51887
51892
51893
51899
51921
51932
51954
51963
51983
51985
51995
52017
52023
52044
52049
52050
52056
52078
52087
52108
52137
52156
52165
52186
52192
52209
52211
52220
52239
52251
52270
52275
52276
52282
52287
52288
52301
52306
52307
52320
52325
52326
52343
52348
52349
52357
52367
52372
52373
52382
52387
52388
52394
52399
52400
52409
52420
52425
52426
52435
52447
52452
52453
52459
52461
52471
52476
52477
52485
52495
52500
52501
52510
52521
52526
52527
52535
52545
52550
52551
52562
52572
52577
52578
52589
52601
52606
52607
52619
52629
52634
52635
52645
52647
52657
52662
52663
52674
52679
52680
52686
52691
52692
52703
52713
52718
52719
52727
52728
52738
52743
52744
52752
52753
52759
52765
52770
52771
52779
52780
52786
52791
52792
52798
52803
52804
52812
52813
52819
52829
52834
52835
52843
52844
52848
52850
52860
52865
52866
52874
52875
52879
52881
52891
52896
52897
52905
52906
52911
52922
52927
52928
52936
52937
52943
52954
52959
52960
52968
52969
52974
52984
52989
52990
53015
53020
53021
53037
53047
53052
53053
53070
53080
53085
53086
53104
53110
53115
53116
53132
53134
53140
53145
53146
53162
53173
53178
53179
53196
53205
53210
53211
53227
53228
53234
53239
53240
53264
53269
53270
53286
53295
53300
53301
53318
53328
53333
53334
53349
53351
53362
53367
53368
53382
53384
53395
53400
53401
53415
53417
53427
53432
53433
53449
53459
53464
53465
53481
53491
53496
53497
53513
53522
53527
53528
53544
53554
53559
53560
53580
53585
53586
53602
53608
53613
53614
53630
53641
53646
53647
53661
53663
53674
53679
53680
53696
53701
53702
53708
53713
53714
53729
53741
53746
53747
53768
53773
53774
53788
53799
53804
53805
53820
53832
53837
53838
53851
53853
53863
53868
53869
53882
53884
53895
53900
53901
53913
53915
53925
53930
53931
53946
53956
53961
53962
53977
53986
53991
53992
54007
54017
54022
54023
54037
54047
54052
54053
54068
54078
54083
54084
54099
54111
54116
54117
54133
54143
54148
54149
54162
54164
54169
54170
54176
54181
54182
54197
54207
54212
54213
54229
54241
54246
54247
54263
54269
54274
54275
54294
54299
54300
54327
54332
54333
54350
54360
54365
54366
54384
54394
54399
54400
54416
54418
54428
54433
54434
54450
54452
54458
54463
54464
54481
54491
54496
54497
54515
54525
54530
54531
54548
54558
54563
54564
54584
54589
54590
54611
54616
54617
54641
54646
54647
54663
54669
54674
54675
54690
54695
54696
54702
54707
54708
54724
54733
54738
54739
54755
54765
54770
54771
54785
54787
54797
54802
54803
54816
54818
54823
54824
54830
54835
54836
54849
54851
54861
54866
54867
54880
54882
54894
54899
54900
54915
54927
54932
54933
54948
54958
54978
55002
55016
55027
55042
55053
55068
55079
55094
55106
55121
55131
55144
55146
55156
55168
55170
55182
55197
55208
55222
55232
55246
55257
55279
55304
55332
55349
55361
55379
55388
55405
55407
55413
55429
55431
55441
55458
55468
55487
55493
55511
55521
55538
55547
55561
55562
55572
55586
55587
55592
55593
55599
55613
55614
55620
55626
55640
55641
55646
55656
55670
55671
55676
55685
55699
55700
55706
55711
55712
55718
55732
55733
55739
55749
55763
55764
55768
55770
55775
55776
55782
55796
55797
55801
55803
55814
55828
55829
55833
55835
55845
55859
55860
55865
55876
55890
55891
55896
55908
55922
55923
55928
55938
55952
55953
55959
55970
55984
55985
55991
56001
56015
56016
56021
56031
56059
56086
56108
56118
56140
56145
56146
56152
56175
56185
56207
56217
56240
56251
56273
56283
56314
56336
56346
56369
56379
56402
56412
56435
56446
56469
56479
56500
56502
56512
56532
56534
56543
56563
56565
56577
56600
56605
56606
56612
56634
56644
56672
56693
56698
56699
56705
56727
56739
56758
56760
56770
56792
56804
56834
56854
56864
56885
56890
56891
56897
56918
56929
56950
56961
56980
56982
56992
57010
57012
57017
57018
57024
57042
57044
57055
57075
57086
57107
57117
57138
57139
57145
57176
57205
57226
57235
57257
57267
57289
57299
57319
57321
57332
57351
57353
57362
57385
57391
57412
57423
57451
57475
57481
57505
57516
57540
57549
57573
57583
57605
57607
57617
57640
57650
57676
57706
57728
57738
57760
57771
57791
57793
57805
57824
57826
57836
57857
57867
57888
57897
57918
57928
57950
57960
57981
57991
58012
58022
58046
58060
58070
58085
58095
58110
58120
58132
58134
58145
58159
58170
58184
58194
58209
58219
58245
58262
58273
58291
58302
58320
58331
58349
58359
58375
58377
58387
58404
58414
58432
58442
58459
58469
58486
58498
58512
58513
58525
58539
58540
58546
58557
58571
58572
58578
58587
58601
58602
58606
58608
58614
58628
58629
58634
58645
58659
58660
58666
58676
58690
58691
58696
58708
58732
58764
58786
58797
58819
58828
58851
58861
58882
58884
58894
58914
58916
58926
58948
58958
58980
58985
58986
58992
59024
59047
59057
59077
59079
59088
59111
59116
59117
59123
59145
59150
59151
59157
59183
59204
59214
59245
59266
59277
59299
59311
59331
59333
59338
59339
59345
59364
59366
59376
59395
59397
59407
59429
59439
59460
59471
59492
59501
59526
59546
59557
59578
59590
59609
59611
59622
59640
59642
59652
59673
59678
59679
59685
59705
59714
59746
59768
59779
59798
59800
59812
59834
59844
59865
59875
59905
59928
59933
59934
59940
59964
59975
59999
60009
60033
60045
60067
60069
60081
60103
60105
60111
60134
60143
60167
60177
60198
60209
60230
60242
60263
60273
60295
60305
60324
60326
60335
60357
60366
60388
60400
60405
60419
60424
60438
60443
60452
60462
60467
60476
60486
60491
60501
60513
60518
60527
60537
60542
60552
60561
60566
60579
60584
60585
60591
60596
60606
60608
60617
60622
60635
60645
60650
60662
60672
60677
60686
60687
60692
60702
60707
60716
60717
60732
60737
60746
60747
60753
60763
60768
60777
60778
60784
60795
60800
60809
60810
60816
60826
60831
60840
60841
60844
60846
60857
60862
60871
60872
60878
60888
60893
60902
60903
60909
60914
60915
60921
60926
60948
60953
60970
60971
60977
60982
61004
61009
61033
61038
61055
61066
61071
61088
61099
61104
61122
61134
61139
61157
61167
61172
61188
61190
61201
61206
61223
61234
61239
61256
61267
61272
61291
61297
61302
61320
61330
61335
61353
61362
61367
61389
61394
61411
61412
61418
61423
61445
61450
61472
61477
61494
61504
61509
61526
61538
61543
61561
61572
61577
61598
61603
61620
61630
61635
61649
61651
61662
61667
61681
61683
61692
61697
61713
61724
61729
61744
61754
61759
61775
61785
61790
61805
61807
61817
61822
61839
61844
61845
61851
61856
61880
61885
61907
61912
61931
61941
61946
61965
61976
61981
61997
61999
62004
62005
62011
62016
62035
62041
62046
62071
62076
62093
62102
62106
62116
62120
62129
62138
62142
62150
62152
62157
62158
62164
62168
62176
62178
62189
62193
62203
62213
62217
62235
62239
62252
62262
62266
62279
62284
62285
62291
62295
62304
62305
62315
62319
62328
62329
62335
62340
62341
62347
62351
62360
62361
62365
62367
62379
62383
62392
62393
62399
62409
62413
62422
62423
62429
62440
62444
62466
62470
62492
62496
62513
62523
62527
62554
62558
62576
62587
62591
62607
62609
62619
62623
62638
62640
62651
62655
62670
62672
62682
62686
62704
62713
62717
62732
62734
62744
62748
62766
62778
62782
62807
62811
62828
62833
62834
62840
62844
62860
62865
62866
62872
62876
62892
62903
62907
62923
62933
62937
62952
62962
62966
62981
62992
62996
63012
63024
63028
63043
63045
63051
63055
63070
63079
63083
63099
63109
63113
63129
63134
63135
63141
63145
63167
63171
63189
63195
63199
63214
63216
63225
63229
63246
63251
63252
63258
63262
63279
63281
63287
63291
63310
63320
63324
63349
63353
63371
63377
63381
63395
63397
63407
63411
63425
63427
63437
63441
63457
63466
63470
63486
63498
63511
63521
63533
63535
63546
63560
63570
63586
63596
63611
63613
63624
63640
63649
63662
63663
63674
63687
63688
63698
63711
63712
63722
63735
63736
63750
63763
63764
63770
63775
63776
63782
63795
63796
63802
63813
63826
63827
63831
63833
63842
63855
63856
63862
63873
63886
63887
63893
63903
63916
63917
63923
63929
63950
63960
63982
63988
64010
64020
64040
64042
64051
64070
64072
64082
64103
64112
64134
64146
64167
64177
64203
64225
64231
64253
64263
64285
64296
64318
64330
64352
64364
64385
64387
64393
64413
64415
64425
64444
64446
64456
64477
64487
64508
64518
64540
64552
64574
64580
64601
64613
64638
64668
64697
64718
64724
64745
64755
64776
64786
64805
64807
64818
64836
64838
64843
64844
64850
64870
64881
64902
64912
64932
64942
64961
64971
64991
64996
64997
65003
65021
65023
65033
65050
65052
65062
65082
65087
65088
65094
65113
65124
65151
65180
65201
65206
65207
65213
65234
65244
65263
65265
65276
65295
65297
65306
65324
65326
65336
65356
65367
65387
65397
65418
65429
65449
65458
65478
65490
65516
65538
65548
65570
65579
65603
65609
65632
65642
65665
65674
65695
65697
65707
65727
65729
65738
65760
65770
65793
65799
65821
65831
65856
65887
65908
65913
65914
65920
65942
65948
65967
65969
65979
65998
66000
66005
66006
66012
66030
66032
66042
66062
66067
66068
66074
66094
66105
66126
66135
66155
66165
66185
66197
66216
66230
66240
66254
66259
66260
66266
66280
66290
66305
66310
66311
66317
66332
66343
66358
66370
66385
66395
66409
66411
66417
66430
66432
66441
66453
66455
66465
66479
66488
66502
66512
66527
66537
66552
66563
66577
66582
66583
66589
66612
66635
66657
66683
66702
66708
66726
66736
66754
66763
66781
66791
66808
66819
66836
66841
66842
66848
66862
66863
66873
66887
66888
66893
66903
66917
66918
66925
66931
66945
66946
66952
66964
66978
66979
66984
66986
66992
67006
67007
67011
67013
67023
67037
67038
67042
67044
67053
67067
67068
67071
67073
67083
67097
67098
67103
67113
67127
67128
67134
67144
67158
67159
67164
67174
67203
67230
67252
67262
67285
67295
67317
67319
67325
67345
67347
67357
67379
67391
67418
67440
67452
67475
67487
67508
67510
67521
67542
67544
67555
67576
67578
67588
67610
67619
67641
67653
67676
67686
67712
67743
67773
67795
67801
67823
67833
67855
67865
67884
67886
67896
67918
67928
67949
67958
67987
68007
68018
68039
68049
68070
68081
68100
68102
68107
68108
68114
68132
68134
68146
68167
68173
68193
68203
68223
68233
68253
68263
68288
68309
68320
68342
68353
68373
68375
68380
68381
68387
68407
68409
68419
68440
68450
68473
68479
68501
68511
68533
68542
68571
68604
68628
68638
68662
68667
68668
68674
68695
68697
68707
68731
68736
68737
68743
68766
68776
68802
68834
68856
68865
68887
68897
68917
68919
68925
68944
68946
68951
68952
68958
68979
68984
68985
68991
69013
69023
69044
69054
69076
69090
69096
69110
69120
69131
69133
69142
69155
69165
69178
69188
69201
69211
69227
69228
69234
69261
69278
69284
69302
69308
69325
69337
69352
69354
69364
69380
69389
69406
69416
69429
69430
69439
69452
69453
69459
69470
69483
69484
69488
69490
69499
69512
69513
69516
69518
69528
69541
69542
69548
69553
69554
69560
69573
69574
69579
69584
69585
69591
69621
69652
69673
69684
69706
69711
69712
69718
69740
69751
69771
69773
69778
69779
69785
69806
69817
69838
69850
69871
69881
69908
69934
69960
69983
69989
70011
70021
70040
70042
70052
70073
70083
70105
70115
70142
70171
70192
70201
70222
70232
70250
70252
70262
70280
70282
70293
70313
70324
70344
70355
70375
70385
70402
70404
70414
70434
70444
70463
70473
70502
70532
70553
70564
70585
70595
70614
70616
70625
70645
70654
70674
70684
70707
70717
70737
70739
70748
70770
70780
70809
70831
70837
70855
70857
70868
70886
70888
70898
70918
70928
70948
70957
70977
70988
71008
71017
71029
71035
71037
71049
71055
71057
71068
71076
71087
71096
71109
71118
71129
71137
71148
71162
71179
71202
71223
71234
71245
71257
71267
71279
71290
71300
71302
71314
71325
71335
71346
71357
71369
71381
71389
71390
71400
71408
71409
71420
71428
71429
71440
71448
71449
71454
71465
71473
71474
71480
71492
71500
71501
71507
71519
71527
71528
71534
71545
71553
71554
71558
71560
71567
71575
71576
71579
71581
71592
71600
71601
71604
71606
71617
71625
71626
71632
71645
71653
71654
71660
71671
71679
71680
71685
71696
71721
71747
71763
71768
71769
71776
71792
71803
71826
71843
71855
71869
71871
71883
71899
71910
71926
71938
71954
71967
71983
71994
72009
72014
72015
72022
72037
72049
72064
72075
72092
72099
72113
72115
72127
72141
72143
72154
72170
72181
72204
72218
72231
72246
72257
72271
72273
72286
72300
72302
72309
72322
72324
72335
72348
72350
72360
72375
72386
72404
72411
72428
72430
72437
72453
72455
72466
72482
72484
72494
72512
72517
72518
72525
72540
72551
72567
72580
72603
72616
72628
72640
72651
72663
72675
72687
72700
72712
72723
72745
72761
72772
72784
72785
72792
72799
72811
72812
72816
72818
72825
72837
72838
72844
72854
72866
72867
72873
72886
72917
72946
72968
72975
72996
73001
73002
73009
73029
73040
73066
73087
73098
73122
73142
73153
73170
73172
73184
73201
73203
73214
73233
73244
73263
73275
73293
73298
73299
73306
73323
73325
73336
73366
73387
73394
73413
73418
73419
73426
73453
73481
73510
73537
73559
73571
73593
73603
73622
73624
73637
73658
73669
73689
73701
73719
73721
73728
73748
73755
73774
73785
73804
73814
73819
73820
73828
73833
73834
73841
73846
73847
73861
73866
73867
73879
73890
73895
73896
73906
73908
73918
73923
73924
73936
73947
73952
73953
73965
73976
73981
73982
73990
73991
74002
74007
74008
74016
74017
74032
74037
74038
74046
74047
74053
74066
74071
74072
74080
74081
74088
74095
74100
74101
74109
74110
74115
74120
74121
74128
74133
74134
74142
74143
74148
74158
74163
74164
74179
74181
74186
74187
74194
74199
74200
74216
74228
74233
74234
74250
74261
74266
74267
74286
74291
74292
74314
74319
74320
74346
74351
74352
74370
74377
74382
74383
74400
74405
74406
74413
74418
74419
74433
74435
74446
74451
74452
74466
74468
74480
74485
74486
74503
74515
74520
74521
74538
74549
74554
74555
74575
74580
74581
74598
74605
74610
74611
74625
74627
74639
74644
74645
74669
74674
74675
74690
74702
74707
74708
74723
74730
74735
74736
74750
74761
74766
74767
74791
74796
74797
74813
74826
74831
74832
74849
74856
74861
74862
74875
74877
74889
74894
74895
74908
74910
74921
74926
74927
74943
74950
74955
74956
74971
74982
74987
74988
75004
75015
75020
75021
75036
75047
75052
75053
75081
75086
75087
75114
75119
75120
75138
75149
75154
75155
75173
75183
75188
75189
75207
75218
75223
75224
75239
75241
75252
75257
75258
75275
75287
75292
75293
75318
75323
75324
75339
75344
75345
75352
75357
75358
75373
75385
75390
75391
75407
75419
75424
75425
75438
75440
75453
75458
75459
75474
75485
75490
75491
75506
75511
75512
75519
75543
75569
75584
75589
75590
75597
75612
75624
75636
75638
75651
75663
75665
75676
75690
75702
75716
75726
75740
75751
75775
75792
75804
75821
75833
75850
75863
75882
75889
75905
75907
75919
75935
75937
75949
75965
75967
75974
75989
75991
76002
76017
76019
76029
76047
76059
76077
76089
76107
76118
76132
76133
76139
76144
76145
76152
76166
76167
76170
76172
76183
76197
76198
76203
76213
76235
76246
76267
76269
76280
76303
76314
76336
76347
76380
76412
76435
76442
76465
76476
76498
76510
76538
76557
76559
76564
76565
76572
76593
76605
76625
76636
76656
76668
76689
76699
76720
76733
76753
76764
76786
76797
76817
76819
76830
76852
76864
76887
76898
76932
76956
76967
76991
77002
77025
77030
77031
77038
77061
77072
77093
77103
77123
77125
77137
77159
77170
77192
77207
77218
77230
77232
77243
77255
77257
77269
77281
77283
77296
77308
77310
77321
77336
77343
77357
77362
77363
77370
77387
77398
77415
77427
77441
77442
77453
77467
77468
77480
77494
77495
77502
77509
77523
77524
77530
77535
77536
77543
77557
77558
77562
77564
77571
77585
77586
77592
77603
77623
77625
77636
77664
77686
77699
77722
77734
77757
77769
77790
77792
77803
77823
77825
77836
77859
77870
77892
77903
77934
77955
77966
77986
77988
77999
78021
78026
78027
78034
78054
78065
78086
78093
78113
78124
78144
78154
78175
78186
78208
78219
78239
78241
78252
78273
78284
78305
78316
78347
78381
78415
78448
78472
78484
78506
78508
78520
78541
78543
78554
78577
78587
78611
78622
78645
78657
78680
78691
78715
78746
78778
78799
78804
78805
78812
78834
78839
78840
78847
78869
78881
78903
78915
78935
78937
78948
78967
78969
78974
78975
78982
79003
79014
79037
79044
79065
79070
79071
79078
79099
79110
79131
79144
79149
79165
79170
79179
79190
79195
79205
79217
79222
79229
79231
79242
79247
79257
79269
79274
79284
79295
79300
79318
79323
79346
79351
79363
79376
79381
79395
79402
79407
79421
79428
79433
79444
79446
79458
79463
79474
79476
79487
79492
79502
79504
79516
79521
79535
79542
79547
79560
79571
79576
79586
79587
79594
79599
79608
79609
79620
79625
79634
79635
79640
79650
79655
79664
79665
79671
79682
79687
79696
79697
79703
79715
79720
79729
79730
79736
79748
79753
79762
79763
79767
79769
79781
79786
79795
79796
79799
79801
79812
79817
79826
79827
79830
79832
79842
79847
79856
79857
79864
79871
79876
79885
79886
79891
79896
79897
79904
79909
79918
79919
79924
79936
79941
79950
79951
79956
79969
79974
79999
80004
80022
80029
80034
80051
80062
80067
80084
80095
80100
80118
80129
80134
80152
80163
80168
80186
80199
80204
80220
80222
80234
80239
80254
80256
80268
80273
80290
80301
80306
80323
80333
80338
80356
80361
80362
80369
80374
80392
80403
80408
80426
80439
80444
80461
80473
80478
80501
80506
80528
80533
80556
80561
80578
80589
80594
80611
80622
80627
80645
80657
80662
80680
80692
80697
80715
80726
80731
80749
80760
80765
80783
80794
80799
80814
80816
80827
80832
80847
80849
80854
80855
80862
80867
80882
80884
80895
80900
80917
80927
80932
80950
80963
80968
80986
80997
81002
81019
81030
81035
81058
81063
81088
81093
81119
81124
81140
81152
81157
81174
81179
81180
81187
81192
81207
81209
81220
81225
81242
81254
81259
81279
81284
81309
81314
81331
81338
81343
81359
81364
81365
81372
81377
81393
81404
81409
81425
81438
81443
81459
81471
81476
81489
81491
81503
81508
81523
81528
81529
81536
81541
81556
81561
81562
81569
81574
81596
81601
81617
81629
81634
81651
81663
81668
81683
81685
81697
81702
81718
81730
81735
81752
81764
81769
81794
81799
81827
81832
81851
81862
81867
81886
81897
81902
81921
81926
81927
81934
81939
81956
81958
81965
81970
81986
81988
81993
81994
82001
82006
82022
82024
82035
82040
82056
82058
82071
82076
82094
82106
82111
82129
82141
82146
82168
82173
82189
82194
82195
82202
82207
82224
82235
82240
82255
82257
82268
82273
82290
82302
82306
82322
82326
82341
82345
82360
82364
82383
82387
82397
82408
82412
82422
82434
82438
82445
82447
82458
82462
82469
82471
82483
82487
82496
82501
82502
82509
82513
82522
82527
82528
82535
82539
82557
82561
82574
82581
82585
82598
82609
82613
82624
82626
82638
82642
82654
82659
82660
82667
82671
82683
82694
82698
82710
82720
82724
82733
82734
82744
82748
82757
82758
82763
82774
82778
82787
82788
82794
82806
82810
82819
82820
82825
82827
82834
82838
82847
82848
82852
82854
82859
82860
82867
82871
82880
82881
82884
82886
82898
82902
82911
82912
82918
82929
82933
82942
82943
82949
82956
82960
82983
82987
83014
83018
83036
83047
83051
83069
83079
83083
83098
83100
83111
83115
83132
83144
83148
83165
83177
83181
83205
83209
83226
83231
83232
83239
83243
83261
83272
83276
83292
83294
83305
83309
83324
83326
83331
83332
83339
83343
83361
83372
83376
83394
83406
83410
83428
83441
83445
83467
83471
83493
83497
83523
83527
83544
83554
83558
83575
83587
83591
83605
83607
83619
83623
83637
83639
83650
83654
83671
83684
83688
83704
83715
83719
83743
83747
83762
83774
83778
83794
83807
83811
83824
83826
83837
83841
83856
83869
83873
83895
83899
83920
83924
83940
83953
83957
83974
83984
83988
84003
84005
84015
84019
84034
84036
84049
84053
84067
84069
84081
84085
84099
84101
84113
84117
84131
84133
84144
84148
84165
84178
84182
84199
84206
84210
84226
84239
84243
84262
84269
84273
84291
84302
84306
84325
84335
84339
84356
84358
84369
84373
84390
84392
84397
84398
84405
84409
84426
84428
84439
84443
84461
84472
84476
84495
84508
84512
84534
84538
84564
84568
84585
84596
84600
84615
84617
84627
84631
84645
84647
84658
84662
84679
84691
84695
84712
84723
84727
84744
84751
84755
84771
84782
84805
84818
84830
84844
84849
84850
84857
84871
84883
84897
84908
84919
84921
84931
84942
84944
84957
84970
84981
84994
85005
85027
85043
85053
85070
85081
85097
85099
85106
85123
85130
85147
85158
85171
85172
85183
85196
85197
85208
85221
85222
85227
85232
85233
85240
85253
85254
85261
85268
85281
85282
85288
85299
85312
85313
85319
85331
85344
85345
85351
85364
85377
85378
85384
85395
85408
85409
85413
85415
85427
85440
85441
85444
85446
85458
85471
85472
85475
85477
85488
85501
85502
85507
85519
85532
85533
85539
85550
85563
85564
85569
85581
85607
85638
85659
85670
85700
85721
85732
85754
85767
85788
85790
85797
85817
85819
85832
85853
85865
85886
85898
85919
85932
85953
85964
85985
85996
86017
86028
86050
86060
86082
86092
86111
86113
86124
86143
86145
86156
86178
86189
86210
86222
86248
86278
86299
86310
86331
86343
86364
86369
86370
86377
86396
86398
86408
86427
86429
86442
86460
86462
86472
86492
86503
86524
86535
86556
86567
86593
86612
86623
86642
86655
86675
86687
86707
86719
86739
86752
86770
86772
86784
86801
86803
86815
86834
86845
86865
86875
86895
86896
86903
86923
86934
86954
86966
86986
86997
87019
87026
87047
87058
87079
87090
87111
87122
87143
87156
87175
87177
87187
87205
87207
87220
87238
87240
87251
87271
87282
87302
87313
87333
87338
87339
87346
87374
87406
87440
87462
87474
87498
87505
87528
87533
87534
87541
87564
87576
87599
87610
87631
87633
87644
87664
87666
87677
87700
87707
87729
87739
87762
87773
87796
87801
87802
87809
87832
87842
87864
87877
87899
87910
87936
87966
87986
87997
88017
88030
88051
88056
88057
88064
88085
88097
88118
88123
88124
88131
88150
88152
88164
88183
88185
88196
88215
88217
88228
88246
88248
88259
88277
88279
88292
88314
88321
88342
88353
88374
88385
88406
88417
88437
88448
88468
88490
88514
88539
88553
88558
88559
88566
88581
88593
88608
88619
88635
88642
88657
88670
88683
88685
88692
88704
88706
88717
88729
88731
88742
88756
88766
88781
88794
88809
88820
88834
88845
88869
88896
88922
88939
88944
88945
88952
88969
88979
88997
89008
89025
89030
89031
89038
89055
89066
89080
89081
89086
89097
89111
89112
89118
89128
89142
89143
89147
89149
89161
89175
89176
89181
89193
89207
89208
89213
89224
89238
89239
89245
89257
89286
89308
89319
89342
89347
89348
89355
89378
89389
89412
89425
89448
89453
89454
89461
89481
89483
89488
89489
89496
89519
89526
89549
89556
89581
89603
89614
89637
89648
89669
89671
89683
89705
89717
89740
89751
89778
89806
89833
89854
89865
89886
89897
89919
89930
89950
89952
89963
89982
89984
89996
90018
90030
90052
90065
90087
90098
90119
90131
90160
90181
90194
90213
90215
90222
90243
90253
90280
90312
90334
90346
90368
90373
90374
90381
90400
90402
90407
90408
90415
90436
90441
90442
90449
90471
90482
90503
90514
90535
90545
90566
90577
90606
90630
90637
90660
90671
90694
90704
90729
90736
90759
90761
90768
90790
90792
90805
90828
90841
90865
90876
90904
90935
90957
90970
90990
90992
91003
91022
91024
91029
91030
91037
91056
91058
91070
91089
91091
91102
91124
91136
91158
91169
91190
91201
91225
91248
91262
91269
91282
91294
91308
91313
91314
91321
91335
91346
91359
91370
91384
91391
91404
91415
91441
91457
91467
91484
91494
91509
91511
91521
91537
91549
91565
91575
91592
91603
91620
91625
91626
91633
91650
91660
91673
91674
91686
91699
91700
91711
91724
91725
91741
91754
91755
91761
91773
91786
91787
91793
91806
91819
91820
91824
91826
91837
91850
91851
91854
91856
91866
91879
91880
91886
91893
91926
91949
91956
91978
91989
92010
92021
92042
92053
92074
92087
92111
92138
92161
92168
92190
92201
92221
92223
92230
92249
92251
92262
92284
92297
92318
92328
92360
92381
92392
92410
92412
92423
92444
92457
92477
92482
92483
92490
92509
92520
92539
92550
92570
92581
92601
92612
92632
92645
92662
92664
92675
92692
92694
92705
92724
92735
92754
92766
92786
92788
92795
92815
92826
92846
92857
92877
92889
92922
92954
92977
92989
93012
93023
93044
93046
93057
93079
93089
93111
93121
93140
93142
93153
93172
93174
93181
93199
93201
93212
93233
93244
93258
93266
93277
93285
93296
93304
93306
93313
93320
93322
93327
93328
93335
93342
93344
93355
93362
93364
93377
93385
93396
93404
93415
93432
93443
93453
93465
93478
93490
93501
93510
93512
93523
93532
93534
93544
93555
93566
93577
93588
93599
93604
93605
93612
93623
93634
93642
93643
93657
93665
93666
93681
93689
93690
93695
93707
93715
93716
93722
93733
93741
93742
93748
93758
93766
93767
93772
93774
93781
93789
93790
93794
93796
93801
93802
93809
93817
93818
93823
93828
93829
93836
93844
93845
93850
93862
93870
93871
93876
93886
93894
93895
93900
93913
93921
93922
93927
93940
93948
93949
93954
93965
93988
94004
94016
94032
94043
94060
94071
94087
94089
94096
94111
94113
94124
94139
94141
94152
94169
94180
94197
94210
94227
94238
94252
94254
94267
94283
94294
94310
94321
94343
94364
94379
94390
94405
94416
94430
94432
94445
94465
94480
94491
94503
94505
94516
94530
94541
94555
94566
94581
94592
94606
94608
94619
94636
94638
94645
94662
94673
94695
94715
94731
94743
94760
94773
94785
94798
94811
94824
94835
94846
94848
94855
94865
94867
94872
94873
94880
94893
94904
94917
94928
94953
94979
94995
95006
95019
95021
95031
95046
95058
95070
95071
95086
95098
95099
95105
95116
95128
95129
95134
95147
95167
95177
95196
95198
95210
95230
95241
95262
95273
95294
95304
95325
95336
95362
95383
95394
95415
95420
95421
95428
95449
95461
95479
95481
95491
95511
95524
95543
95556
95580
95599
95610
95629
95636
95654
95659
95660
95667
95685
95695
95713
95726
95745
95755
95773
95775
95785
95805
95816
95847
95870
95877
95905
95924
95935
95954
95959
95960
95967
95987
95999
96019
96029
96048
96060
96065
96066
96074
96075
96082
96087
96088
96102
96107
96108
96124
96129
96130
96139
96144
96145
96152
96157
96158
96165
96167
96174
96179
96180
96189
96200
96205
96206
96217
96230
96235
96236
96246
96248
96259
96264
96265
96276
96288
96293
96294
96305
96315
96320
96321
96329
96330
96347
96352
96353
96361
96362
96368
96375
96380
96381
96389
96390
96397
96404
96409
96410
96418
96419
96422
96424
96436
96441
96442
96450
96451
96458
96465
96470
96471
96487
96499
96504
96505
96522
96533
96538
96539
96556
96563
96568
96569
96585
96596
96601
96602
96618
96629
96634
96635
96652
96663
96668
96669
96686
96697
96702
96703
96717
96719
96732
96737
96738
96755
96768
96773
96774
96789
96800
96805
96806
96822
96833
96838
96839
96853
96855
96865
96870
96871
96885
96887
96898
96903
96904
96917
96919
96924
96925
96932
96937
96938
96951
96953
96965
96970
96971
96988
96995
97000
97001
97017
97028
97033
97034
97055
97060
97061
97082
97087
97088
97108
97113
97114
97139
97144
97145
97169
97174
97175
97190
97195
97196
97203
97208
97209
97224
97236
97241
97242
97257
97270
97275
97276
97289
97291
97302
97307
97308
97321
97323
97330
97335
97336
97348
97350
97361
97366
97367
97382
97395
97400
97401
97416
97427
97432
97433
97447
97458
97463
97464
97488
97493
97494
97519
97524
97525
97540
97552
97557
97558
97574
97586
97591
97592
97608
97620
97625
97626
97642
97655
97660
97661
97676
97678
97685
97690
97691
97706
97717
97722
97723
97738
97743
97744
97751
97756
97757
97772
97782
97787
97788
97803
97816
97821
97822
97838
97850
97855
97856
97872
97884
97889
97890
97913
97918
97919
97936
97937
97944
97949
97950
97972
97977
97978
98003
98008
98009
98027
98038
98043
98044
98062
98067
98068
98075
98080
98081
98099
98110
98115
98116
98134
98139
98140
98147
98152
98153
98171
98183
98188
98189
98205
98207
98214
98219
98220
98235
98237
98248
98253
98254
98269
98271
98281
98286
98287
98305
98316
98321
98322
98340
98353
98358
98359
98376
98388
98393
98394
98418
98423
98424
98449
98454
98455
98470
98482
98487
98488
98503
98516
98521
98522
98537
98548
98553
98554
98570
98580
98585
98586
98602
98613
98618
98619
98633
98635
98647
98652
98653
98668
98679
98684
98685
98700
98710
98715
98716
98732
98743
98770
98789
98796
98814
98821
98838
98849
98866
98876
98890
98891
98896
98897
98904
98918
98919
98925
98930
98931
98938
98952
98953
98959
98970
98984
98985
98991
99004
99018
99019
99022
99024
99036
99050
99051
99056
99068
99082
99083
99088
99099
99121
99133
99155
99165
99186
99188
99200
99221
99223
99233
99255
99266
99289
99300
99332
99363
99395
99418
99430
99452
99464
99492
99514
99526
99545
99547
99558
99578
99590
99618
99640
99652
99672
99674
99681
99703
99710
99742
99777
99801
99814
99840
99862
99874
99896
99907
99926
99928
99940
99961
99966
99967
99974
99988
99998
100015
100026
100042
100044
100049
100050
100057
100074
100085
100103
100114
100128
100129
100140
100154
100155
100161
100172
100186
100187
100190
100192
100204
100218
100219
100222
100224
100237
100251
100252
100255
100257
100268
100291
100302
100322
100324
100334
100356
100366
100388
100393
100394
100401
100423
100435
100457
100459
100466
100487
100489
100494
100495
100502
100524
100535
100557
100568
100595
100617
100628
100649
100660
100683
100709
100729
100739
100759
100772
100791
100793
100806
100824
100826
100838
100856
100858
100870
100890
100901
100922
100933
100954
100959
100960
100967
100988
101000
101023
101024
101031
101055
101066
101088
101090
101101
101123
101125
101136
101160
101171
101195
101207
101234
101265
101287
101300
101319
101321
101331
101353
101363
101368
101382
101387
101396
101407
101412
101421
101432
101437
101447
101460
101465
101474
101476
101483
101488
101498
101505
101510
101519
101530
101535
101544
101554
101559
101568
101573
101574
101581
101586
101608
101613
101626
101639
101644
101654
101656
101661
101662
101669
101674
101687
101698
101703
101712
101713
101724
101729
101738
101739
101750
101755
101764
101765
101770
101781
101786
101795
101796
101812
101817
101826
101827
101834
101841
101846
101855
101856
101862
101867
101868
101875
101880
101889
101890
101894
101896
101909
101914
101923
101924
101930
101935
101936
101943
101948
101971
101976
101993
102006
102011
102028
102030
102037
102042
102058
102060
102071
102076
102093
102104
102109
102126
102131
102132
102139
102144
102161
102172
102177
102194
102205
102210
102227
102240
102245
102269
102274
102291
102303
102308
102325
102336
102341
102358
102369
102374
102392
102403
102408
102424
102426
102437
102442
102458
102460
102465
102466
102473
102478
102494
102496
102507
102512
102528
102530
102541
102546
102563
102574
102579
102598
102605
102610
102628
102639
102644
102666
102671
102692
102697
102723
102728
102742
102744
102756
102761
102778
102789
102794
102810
102822
102827
102843
102854
102859
102875
102882
102887
102903
102913
102918
102934
102947
102952
102967
102979
102984
102999
103009
103014
103035
103040
103057
103067
103072
103089
103100
103105
103122
103127
103128
103135
103140
103154
103156
103167
103172
103188
103198
103203
103222
103233
103238
103256
103269
103274
103296
103301
103323
103328
103344
103355
103360
103387
103392
103409
103420
103425
103442
103453
103458
103472
103474
103487
103491
103501
103512
103516
103523
103525
103536
103540
103549
103560
103564
103576
103581
103582
103589
103593
103606
103617
103621
103632
103634
103645
103649
103661
103672
103676
103685
103686
103696
103700
103709
103710
103725
103729
103738
103739
103744
103755
103759
103768
103769
103773
103775
103785
103789
103798
103799
103804
103815
103819
103842
103846
103864
103876
103880
103898
103908
103912
103927
103929
103941
103945
103960
103962
103973
103977
103995
104006
104010
104038
104042
104060
104071
104075
104092
104104
104108
104125
104138
104142
104159
104170
104174
104190
104202
104206
104222
104233
104237
104258
104262
104277
104289
104293
104307
104309
104321
104325
104341
104352
104356
104373
104386
104390
104404
104406
104416
104420
104434
104436
104449
104453
104469
104481
104485
104501
104513
104517
104533
104544
104548
104566
104577
104581
104599
104610
104614
104636
104640
104658
104665
104669
104684
104686
104698
104702
104720
104727
104731
104748
104753
104754
104761
104765
104782
104793
104797
104814
104827
104846
104869
104883
104894
104905
104907
104918
104931
104943
104965
104991
105008
105020
105036
105038
105045
105060
105062
105075
105092
105099
105117
105124
105141
105151
105167
105178
105191
105192
105203
105216
105217
105222
105233
105246
105247
105263
105276
105277
105282
105292
105305
105306
105312
105324
105337
105338
105344
105355
105368
105369
105375
105386
105399
105400
105406
105417
105430
105431
105435
105437
105448
105461
105462
105465
105467
105478
105491
105492
105497
105508
105521
105522
105527
105532
105533
105540
105568
105600
105621
105633
105655
105667
105689
105701
105721
105723
105735
105754
105756
105766
105787
105800
105822
105835
105857
105864
105891
105918
105939
105950
105971
105976
105977
105984
106006
106018
106040
106053
106075
106086
106108
106119
106139
106141
106153
106173
106175
106187
106206
106208
106219
106240
106251
106272
106285
106307
106319
106340
106352
106378
106398
106399
106406
106432
106458
106478
106489
106520
106550
106570
106581
106601
106614
106635
106647
106668
106673
106674
106681
106701
106703
106710
106729
106731
106742
106761
106763
106774
106792
106794
106805
106826
106837
106862
106881
106891
106911
106924
106942
106944
106955
106973
106975
106982
106999
107001
107012
107029
107031
107042
107062
107067
107068
107075
107095
107107
107126
107138
107164
107185
107192
107213
107224
107245
107250
107251
107258
107279
107291
107312
107323
107341
107343
107353
107373
107384
107404
107415
107438
107445
107468
107478
107498
107500
107505
107506
107513
107535
107547
107569
107580
107606
107638
107658
107671
107692
107704
107725
107736
107756
107758
107765
107784
107786
107797
107816
107818
107829
107849
107860
107880
107892
107912
107925
107945
107956
107977
107988
108008
108019
108039
108053
108064
108078
108091
108107
108114
108127
108129
108139
108151
108153
108163
108178
108189
108212
108229
108240
108258
108268
108284
108286
108291
108292
108299
108314
108316
108327
108344
108356
108373
108383
108401
108411
108425
108426
108437
108451
108452
108457
108468
108482
108483
108488
108501
108515
108516
108523
108530
108544
108545
108549
108551
108561
108575
108576
108581
108594
108608
108609
108614
108619
108620
108627
108656
108688
108710
108721
108744
108749
108750
108757
108780
108792
108813
108815
108827
108847
108849
108862
108884
108897
108919
108931
108960
108982
108994
109018
109025
109048
109058
109078
109080
109085
109086
109093
109115
109127
109150
109157
109184
109215
109246
109267
109278
109301
109308
109330
109335
109336
109343
109365
109376
109398
109411
109431
109433
109445
109464
109466
109477
109498
109509
109530
109540
109560
109561
109568
109598
109618
109631
109652
109663
109683
109688
109689
109696
109717
109728
109748
109760
109780
109791
109818
109849
109870
109881
109903
109914
109934
109936
109949
109970
109982
110003
110013
110035
110048
110078
110107
110139
110163
110175
110199
110210
110231
110233
110245
110268
110280
110303
110314
110342
110363
110375
110397
110409
110428
110430
110443
110465
110477
110498
110510
110529
110542
110553
110567
110578
110592
110603
110614
110616
110628
110639
110641
110652
110666
110673
110686
110697
110710
110721
110734
110745
110758
110770
110793
110819
110835
110846
110864
110871
110887
110889
110896
110910
110912
110923
110939
110951
110968
110979
110995
111006
111019
111020
111036
111049
111050
111055
111067
111080
111081
111087
111098
111111
111112
111118
111131
111144
111145
111148
111150
111161
111174
111175
111181
111191
111204
111205
111210
111221
111248
111269
111274
111275
111282
111304
111309
111310
111317
111339
111350
111370
111372
111383
111402
111404
111416
111437
111448
111470
111481
111502
111515
111548
111570
111575
111576
111583
111603
111605
111616
111635
111637
111650
111672
111684
111705
111715
111735
111746
111766
111771
111772
111779
111800
111811
111832
111843
111864
111875
111894
111896
111903
111921
111923
111928
111929
111936
111956
111961
111962
111969
111990
112001
112021
112032
112062
112081
112093
112113
112124
112142
112144
112155
112172
112174