1
12
17
22
26
30
35
40
47
52
53
55
58
62
65
71
87
94
98
107
111
114
119
125
130
134
140
142
146
152
154
160
162
172
179
184
195
200
210
222
235
244
247
255
262
268
271
278
281
311
327
328
336
340
352
365
367
374
376
380
389
395
404
411
417
433
440
457
467
472
484
487
493
526
539
545
553
555
559
571
573
577
589
605
611
623
634
637
647
651
654
660
665
669
672
678
683
689
692
697
700
704
705
707
710
723
726
734
738
744
747
752
754
760
762
765
770
772
776
780
783
788
799
802
807
813
814
816
819
825
832
835
840
848
851
854
860
867
896
909
913
925
928
932
935
964
968
980
982
986
998
1004
1018
1038
1045
1058
1063
1066
1070
1076
1081
1082
1086
1091
1094
1099
1104
1118
1122
1130
1134
1137
1141
1149
1155
1159
1167
1172
1177
1182
1194
1199
1205
1208
1212
1217
1223
1229
1234
1242
1245
1246
1254
1256
1257
1267
1271
1272
1278
1283
1286
1288
1289
1294
1297
1306
1307
1312
1315
1319
1323
1324
1336
1340
1341
1349
1357
1358
1366
1375
1376
1382
1384
1388
1389
1394
1396
1402
1404
1405
1410
1412
1417
1420
1421
1426
1432
1438
1439
1444
1450
1456
1457
1462
1469
1472
1474
1475
1480
1488
1491
1492
1498
1503
1509
1510
1516
1521
1525
1533
1546
1556
1558
1566
1570
1579
1582
1590
1595
1598
1600
1608
1613
1614
1616
1623
1626
1635
1642
1645
1649
1655
1674
1688
1692
1702
1706
1712
1722
1731
1739
1741
1745
1752
1754
1758
1764
1771
1773
1779
1781
1789
1795
1802
1808
1814
1821
1827
1828
1830
1838
1845
1852
1859
1862
1864
1871
1878
1884
1892
1898
1901
1911
1917
1927
1931
1941
1944
1946
1950
1965
1969
1979
1980
1982
1986
1997
2000
2004
2014
2021
2023
2032
2035
2039
2045
2054
2057
2063
2065
2082
2098
2104
2116
2124
2136
2145
2155
2157
2161
2170
2172
2176
2180
2190
2195
2196
2199
2207
2211
2218
2221
2223
2228
2235
2242
2245
2252
2257
2264
2270
2273
2277
2284
2290
2293
2299
2302
2308
2310
2320
2326
2328
2332
2339
2346
2354
2360
2367
2374
2380
2387
2388
2391
2398
2403
2422
2428
2435
2438
2442
2460
2468
2472
2481
2483
2487
2490
2495
2497
2501
2502
2508
2517
2523
2524
2529
2543
2550
2559
2566
2567
2573
2586
2600
2606
2628
2634
2645
2650
2663
2666
2676
2679
2694
2697
2701
2736
2748
2754
2765
2770
2779
2781
2785
2795
2801
2813
2819
2829
2836
2849
2866
2872
2887
2899
2915
2920
2934
2938
2952
2957
2960
2972
2978
2990
2993
3018
3042
3060
3061
3075
3096
3100
3101
3115
3119
3132
3134
3138
3151
3170
3176
3191
3197
3212
3219
3222
3233
3240
3241
3252
3259
3274
3282
3295
3315
3320
3327
3330
3336
3337
3342
3345
3351
3358
3361
3367
3372
3379
3382
3390
3392
3399
3402
3409
3412
3419
3422
3428
3433
3436
3441
3444
3450
3463
3466
3471
3474
3478
3479
3484
3487
3503
3506
3525
3528
3541
3547
3550
3558
3562
3569
3572
3580
3584
3593
3596
3601
3603
3607
3608
3613
3616
3621
3629
3634
3637
3642
3648
3649
3654
3657
3662
3669
3678
3681
3686
3701
3704
3709
3716
3725
3728
3733
3741
3747
3750
3756
3769
3772
3778
3783
3784
3798
3835
3850
3865
3870
3886
3890
3907
3924
3945
3950
3951
3964
3967
3971
3988
3991
3995
4012
4015
4020
4061
4079
4083
4084
4100
4104
4119
4121
4125
4142
4144
4149
4163
4169
4186
4208
4216
4230
4248
4255
4273
4294
4299
4317
4322
4333
4339
4342
4349
4356
4364
4371
4379
4385
4386
4388
4397
4403
4417
4423
4430
4437
4442
4445
4449
4452
4459
4471
4472
4479
4487
4491
4492
4499
4507
4511
4522
4527
4529
4533
4534
4541
4547
4558
4563
4570
4578
4583
4590
4601
4608
4618
4624
4631
4638
4644
4649
4659
4660
4669
4670
4676
4685
4686
4692
4695
4697
4704
4705
4716
4723
4724
4730
4731
4733
4740
4741
4747
4752
4755
4760
4761
4767
4772
4773
4778
4779
4784
4787
4793
4798
4799
4811
4820
4821
4835
4840
4841
4854
4860
4861
4869
4875
4880
4881
4886
4900
4901
4906
4913
4922
4923
4929
4934
4943
4951
4960
4968
4969
4974
4982
4987
4994
5002
5007
5016
5023
5026
5037
5044
5047
5052
5058
5079
5095
5100
5110
5114
5123
5133
5145
5155
5159
5168
5175
5177
5189
5196
5209
5216
5222
5225
5230
5237
5244
5250
5257
5271
5278
5286
5292
5300
5307
5312
5322
5331
5341
5350
5365
5372
5382
5394
5404
5409
5416
5426
5431
5440
5450
5453
5460
5469
5472
5476
5485
5503
5508
5520
5524
5533
5545
5550
5556
5565
5567
5571
5580
5589
5591
5603
5612
5625
5634
5640
5649
5658
5673
5683
5688
5697
5707
5712
5722
5737
5748
5756
5763
5767
5775
5782
5787
5795
5801
5804
5816
5837
5859
5872
5873
5879
5889
5897
5903
5905
5911
5917
5923
5925
5930
5937
5943
5950
5957
5964
5975
5981
5988
5998
6004
6011
6012
6018
6025
6030
6065
6076
6092
6097
6100
6108
6111
6115
6127
6130
6136
6144
6147
6152
6170
6181
6199
6203
6213
6215
6219
6222
6230
6232
6238
6246
6253
6266
6271
6302
6303
6305
6319
6338
6341
6345
6346
6366
6380
6386
6400
6404
6417
6419
6437
6452
6458
6473
6479
6480
6492
6510
6525
6532
6544
6549
6550
6562
6568
6584
6605
6622
6628
6645
6667
6672
6675
6690
6695
6713
6716
6722
6743
6770
6787
6791
6812
6816
6832
6834
6856
6874
6880
6883
6897
6903
6919
6945
6963
6968
6971
6986
6992
7001
7004
7010
7022
7025
7031
7043
7046
7053
7062
7065
7072
7083
7086
7092
7097
7098
7106
7109
7115
7120
7132
7135
7140
7143
7147
7159
7162
7167
7170
7175
7184
7187
7199
7200
7208
7211
7219
7234
7237
7243
7245
7255
7258
7263
7265
7269
7279
7282
7287
7304
7307
7313
7326
7329
7334
7341
7351
7354
7359
7366
7378
7381
7387
7402
7405
7411
7416
7437
7440
7457
7462
7483
7488
7508
7511
7517
7533
7536
7540
7567
7588
7590
7608
7610
7614
7634
7640
7660
7685
7692
7695
7711
7718
7738
7758
7765
7782
7787
7799
7817
7823
7837
7843
7857
7863
7867
7879
7885
7890
7893
7903
7909
7927
7933
7939
7950
7962
7965
7975
7984
7996
8004
8009
8020
8025
8027
8031
8032
8042
8047
8049
8053
8065
8070
8076
8079
8089
8094
8101
8102
8111
8112
8124
8125
8131
8132
8140
8141
8147
8152
8164
8165
8170
8173
8188
8189
8203
8211
8212
8221
8231
8232
8237
8239
8243
8246
8254
8255
8260
8262
8266
8267
8275
8276
8281
8287
8288
8296
8297
8302
8309
8318
8319
8325
8341
8342
8348
8353
8363
8381
8388
8391
8395
8396
8404
8418
8430
8440
8455
8462
8464
8470
8478
8486
8498
8505
8512
8521
8528
8545
8552
8561
8569
8577
8584
8592
8612
8622
8625
8627
8637
8648
8651
8661
8671
8677
8686
8695
8698
8702
8703
8711
8728
8737
8746
8748
8752
8753
8761
8770
8776
8788
8797
8804
8814
8824
8830
8840
8849
8851
8862
8870
8882
8888
8891
8907
8913
8916
8920
8933
8942
8946
8959
8968
8972
8983
8990
8992
9003
9009
9015
9028
9034
9040
9053
9061
9073
9080
9085
9088
9090
9093
9101
9107
9111
9114
9128
9134
9137
9145
9147
9151
9154
9161
9163
9171
9174
9181
9189
9191
9194
9202
9207
9208
9210
9213
9225
9228
9243
9246
9259
9261
9265
9268
9280
9283
9287
9290
9300
9303
9307
9313
9316
9326
9329
9338
9341
9351
9354
9358
9364
9367
9380
9388
9391
9402
9408
9411
9421
9427
9428
9430
9433
9444
9453
9456
9467
9472
9476
9479
9493
9498
9502
9505
9520
9523
9527
9530
9544
9549
9555
9558
9571
9574
9578
9581
9583
9586
9607
9610
9634
9637
9653
9657
9663
9666
9682
9687
9690
9693
9706
9717
9720
9733
9740
9746
9749
9763
9770
9772
9775
9782
9785
9793
9795
9799
9802
9809
9812
9819
9824
9827
9834
9837
9843
9848
9852
9855
9862
9865
9871
9874
9878
9881
9888
9891
9896
9899
9903
9904
9906
9909
9916
9919
9924
9927
9931
9935
9938
9945
9948
9960
9966
9969
9976
9979
9993
9995
9998
10005
10008
10016
10024
10027
10034
10037
10045
10049
10055
10058
10065
10068
10073
10075
10083
10086
10093
10096
10101
10103
10107
10111
10114
10121
10124
10129
10135
10141
10144
10151
10154
10159
10166
10169
10172
10179
10182
10187
10194
10200
10203
10210
10213
10220
10225
10228
10235
10238
10244
10249
10255
10258
10265
10268
10274
10280
10283
10286
10302
10308
10311
10328
10331
10334
10350
10355
10359
10362
10379
10382
10386
10389
10405
10410
10416
10419
10435
10440
10446
10449
10464
10467
10471
10474
10476
10479
10494
10497
10501
10502
10504
10507
10533
10536
10563
10566
10585
10589
10592
10607
10609
10613
10616
10618
10621
10636
10638
10642
10643
10645
10648
10663
10673
10676
10691
10702
10705
10720
10726
10732
10735
10750
10757
10760
10763
10778
10790
10793
10808
10815
10819
10822
10831
10837
10840
10842
10845
10854
10860
10861
10863
10866
10875
10881
10888
10890
10893
10902
10908
10913
10919
10922
10931
10947
10950
10959
10971
10975
10978
10987
10996
11000
11003
11012
11020
11024
11030
11033
11042
11047
11049
11053
11059
11062
11071
11076
11078
11083
11086
11089
11098
11103
11109
11115
11118
11127
11133
11140
11143
11152
11157
11169
11172
11181
11187
11192
11195
11197
11200
11209
11215
11220
11221
11223
11226
11233
11234
11244
11247
11254
11255
11261
11264
11266
11269
11276
11277
11283
11287
11290
11297
11298
11304
11310
11313
11320
11321
11327
11330
11332
11336
11339
11346
11347
11353
11354
11356
11360
11363
11370
11371
11377
11386
11389
11396
11397
11403
11409
11412
11415
11422
11423
11428
11431
11440
11443
11450
11451
11456
11459
11463
11467
11470
11477
11478
11490
11496
11499
11506
11507
11519
11525
11528
11535
11536
11549
11552
11555
11562
11563
11571
11580
11583
11590
11591
11599
11603
11607
11610
11617
11618
11623
11625
11629
11635
11638
11645
11646
11651
11653
11658
11661
11664
11671
11672
11677
11683
11689
11692
11699
11700
11705
11716
11719
11726
11727
11732
11739
11740
11742
11745
11752
11764
11767
11774
11787
11790
11797
11806
11809
11812
11819
11827
11828
11830
11834
11837
11844
11852
11859
11861
11864
11871
11879
11884
11890
11893
11900
11907
11910
11914
11917
11919
11922
11929
11947
11950
11957
11971
11975
11978
11985
11996
12000
12003
12010
12020
12024
12025
12027
12030
12037
12044
12046
12051
12054
12057
12064
12071
12077
12083
12086
12093
12100
12106
12112
12115
12122
12129
12136
12139
12141
12144
12151
12158
12170
12173
12180
12188
12193
12199
12202
12209
12218
12221
12227
12229
12232
12239
12252
12256
12259
12266
12275
12277
12283
12285
12288
12295
12305
12311
12314
12321
12330
12337
12338
12340
12343
12350
12361
12366
12369
12377
12384
12388
12391
12399
12406
12416
12419
12427
12442
12444
12447
12455
12465
12469
12472
12480
12489
12497
12500
12508
12514
12516
12525
12528
12536
12542
12544
12548
12552
12555
12563
12569
12579
12582
12590
12596
12603
12609
12612
12620
12627
12636
12639
12647
12654
12661
12674
12679
12696
12698
12714
12729
12731
12749
12756
12769
12776
12779
12791
12852
12855
12873
12896
12903
12925
12977
12993
12995
12999
13002
13017
13019
13024
13040
13047
13048
13067
13090
13091
13093
13114
13117
13144
13169
13175
13193
13199
13202
13221
13248
13254
13267
13270
13276
13280
13294
13297
13303
13308
13324
13327
13332
13335
13339
13342
13354
13357
13362
13365
13370
13383
13386
13398
13414
13417
13430
13443
13446
13454
13458
13459
13471
13474
13479
13481
13500
13503
13508
13528
13531
13536
13543
13556
13559
13564
13573
13585
13588
13593
13600
13601
13613
13616
13621
13628
13644
13647
13653
13658
13681
13684
13705
13709
13732
13737
13740
13761
13764
13786
13789
13793
13822
13855
13883
13907
13911
13938
13943
13964
13992
13998
14022
14029
14050
14057
14080
14108
14113
14138
14144
14159
14165
14181
14191
14207
14213
14218
14236
14242
14247
14263
14269
14275
14290
14295
14298
14302
14305
14319
14324
14327
14348
14376
14388
14404
14412
14416
14434
14439
14441
14445
14448
14462
14468
14486
14491
14497
14515
14520
14527
14530
14544
14551
14566
14567
14587
14588
14594
14610
14611
14617
14623
14637
14638
14644
14664
14665
14670
14673
14691
14692
14697
14700
14704
14720
14721
14748
14749
14762
14775
14776
14784
14789
14802
14803
14809
14811
14825
14826
14831
14833
14838
14851
14852
14858
14874
14875
14880
14886
14887
14899
14900
14905
14914
14926
14927
14932
14939
14940
14952
14953
14959
14964
14980
14981
14987
14994
15006
15007
15013
15018
15032
15055
15065
15077
15085
15086
15088
15102
15110
15115
15118
15130
15138
15158
15166
15169
15183
15190
15193
15211
15218
15221
15225
15228
15240
15265
15293
15307
15321
15331
15335
15351
15361
15367
15379
15387
15389
15403
15410
15412
15430
15437
15439
15443
15457
15464
15470
15486
15493
15499
15502
15514
15521
15527
15543
15550
15557
15570
15577
15599
15606
15613
15627
15635
15640
15643
15655
15663
15668
15684
15692
15698
15711
15725
15739
15750
15765
15775
15794
15803
15806
15812
15824
15851
15881
15893
15912
15922
15924
15938
15947
15949
15967
15976
15978
15983
15996
16005
16013
16025
16035
16052
16061
16082
16091
16098
16099
16113
16131
16153
16160
16161
16174
16181
16184
16186
16201
16208
16213
16230
16237
16242
16245
16258
16265
16271
16285
16291
16294
16314
16327
16330
16343
16352
16371
16378
16380
16395
16401
16403
16407
16424
16430
16432
16437
16451
16457
16479
16485
16492
16509
16515
16522
16537
16544
16556
16564
16572
16580
16586
16594
16595
16597
16603
16611
16616
16619
16623
16631
16636
16637
16641
16648
16651
16655
16661
16682
16696
16702
16712
16716
16724
16734
16738
16746
16753
16760
16765
16773
16780
16784
16798
16810
16815
16831
16837
16848
16853
16856
16860
16870
16873
16877
16880
16884
16903
16907
16920
16926
16930
16943
16948
16953
16963
16965
16969
16977
16987
16995
16999
17009
17015
17021
17031
17039
17044
17055
17060
17061
17065
17080
17085
17099
17100
17102
17108
17122
17127
17135
17149
17156
17160
17174
17177
17183
17196
17199
17203
17209
17236
17253
17259
17275
17279
17285
17298
17310
17323
17329
17337
17350
17357
17358
17362
17376
17381
17389
17397
17400
17408
17415
17418
17424
17430
17437
17440
17446
17451
17457
17464
17467
17473
17478
17486
17493
17496
17501
17504
17514
17521
17524
17542
17549
17552
17561
17567
17574
17577
17582
17584
17590
17594
17601
17604
17609
17615
17623
17630
17633
17638
17645
17653
17660
17663
17669
17681
17704
17721
17726
17742
17743
17745
17751
17767
17772
17773
17777
17792
17795
17805
17830
17849
17855
17873
17877
17880
17884
17900
17902
17908
17923
17925
17930
17935
17950
17956
17964
17979
17985
17986
17990
18005
18014
18018
18027
18033
18036
18040
18049
18055
18063
18072
18079
18086
18095
18101
18113
18122
18127
18130
18134
18137
18141
18150
18164
18168
18177
18186
18192
18201
18209
18213
18214
18218
18227
18232
18234
18240
18244
18253
18258
18260
18264
18270
18279
18284
18296
18305
18311
18320
18329
18334
18342
18347
18356
18362
18373
18380
18381
18387
18390
18394
18401
18402
18408
18413
18419
18426
18427
18433
18440
18444
18451
18452
18457
18460
18471
18478
18479
18494
18501
18502
18515
18520
18527
18528
18536
18540
18548
18555
18556
18561
18567
18570
18574
18581
18582
18587
18594
18597
18601
18608
18609
18614
18621
18629
18636
18637
18643
18648
18654
18661
18669
18675
18682
18690
18695
18701
18708
18716
18721
18729
18736
18743
18746
18750
18756
18763
18777
18785
18792
18802
18806
18807
18811
18818
18825
18827
18831
18834
18838
18845
18852
18854
18858
18864
18871
18878
18886
18890
18897
18904
18911
18919
18926
18933
18940
18946
18953
18961
18968
18972
18979
18995
19002
19019
19026
19036
19037
19039
19045
19052
19061
19064
19068
19074
19081
19093
19098
19103
19110
19119
19125
19133
19140
19149
19155
19158
19162
19169
19178
19185
19190
19197
19206
19214
19219
19226
19236
19241
19247
19255
19262
19265
19269
19277
19286
19290
19298
19309
19315
19323
19330
19334
19340
19348
19355
19360
19363
19367
19375
19382
19389
19393
19401
19408
19411
19417
19425
19431
19434
19438
19444
19452
19465
19468
19472
19480
19490
19496
19504
19513
19517
19523
19531
19537
19539
19550
19558
19564
19572
19576
19584
19590
19603
19611
19617
19624
19632
19640
19647
19652
19658
19659
19672
19673
19685
19689
19690
19698
19703
19707
19708
19716
19722
19726
19727
19735
19742
19744
19745
19753
19756
19760
19761
19768
19770
19776
19778
19779
19786
19792
19793
19795
19796
19804
19809
19815
19816
19824
19829
19833
19834
19846
19847
19858
19864
19865
19880
19884
19885
19898
19900
19904
19905
19916
19921
19925
19926
19937
19940
19944
19945
19955
19958
19962
19963
19965
19966
19988
19989
20006
20010
20011
20024
20028
20034
20035
20046
20052
20053
20063
20074
20075
20086
20092
20095
20096
20110
20113
20115
20116
20130
20133
20135
20139
20140
20156
20158
20162
20163
20178
20181
20185
20186
20200
20205
20211
20212
20226
20229
20233
20234
20247
20250
20254
20260
20261
20274
20277
20281
20287
20288
20308
20309
20311
20312
20328
20332
20335
20337
20338
20351
20353
20357
20358
20360
20361
20374
20384
20385
20392
20395
20401
20407
20408
20415
20418
20424
20427
20429
20430
20437
20440
20448
20450
20451
20458
20461
20468
20471
20475
20476
20483
20486
20491
20494
20498
20504
20505
20512
20515
20531
20532
20539
20542
20556
20558
20559
20566
20569
20581
20582
20584
20585
20592
20595
20600
20602
20606
20607
20609
20610
20617
20620
20626
20633
20634
20641
20644
20649
20656
20657
20659
20660
20677
20678
20699
20700
20716
20720
20724
20725
20742
20745
20749
20750
20765
20768
20772
20776
20777
20795
20799
20805
20806
20824
20828
20834
20835
20850
20856
20859
20861
20862
20877
20884
20887
20888
20904
20911
20912
20928
20933
20939
20940
20949
20956
20959
20960
20969
20975
20982
20984
20985
20994
20999
21002
21006
21012
21013
21022
21039
21040
21049
21062
21065
21066
21075
21084
21088
21089
21098
21103
21105
21109
21115
21116
21125
21130
21132
21136
21142
21143
21152
21157
21169
21170
21177
21178
21186
21188
21189
21196
21197
21203
21208
21214
21215
21222
21223
21229
21234
21240
21241
21248
21249
21263
21265
21266
21273
21274
21279
21281
21285
21289
21290
21297
21298
21303
21309
21315
21316
21323
21324
21329
21337
21339
21340
21347
21348
21355
21360
21361
21368
21369
21375
21382
21384
21385
21392
21400
21403
21405
21409
21410
21417
21425
21426
21428
21432
21433
21440
21448
21453
21459
21460
21467
21481
21484
21486
21487
21494
21502
21508
21509
21516
21523
21530
21534
21535
21542
21550
21559
21560
21567
21577
21582
21586
21587
21594
21604
21605
21607
21611
21612
21619
21628
21631
21635
21641
21642
21649
21658
21661
21670
21671
21678
21690
21694
21695
21697
21698
21705
21714
21725
21726
21733
21743
21750
21751
21758
21767
21774
21777
21779
21780
21787
21797
21802
21806
21807
21815
21822
21825
21827
21828
21836
21844
21847
21851
21852
21860
21875
21877
21878
21886
21892
21894
21898
21901
21903
21904
21912
21918
21920
21924
21930
21931
21939
21945
21955
21956
21964
21970
21977
21978
21980
21981
21989
21996
22001
22007
22021
22036
22047
22050
22060
22065
22071
22081
22088
22090
22099
22102
22110
22126
22129
22131
22147
22148
22150
22162
22166
22169
22171
22180
22182
22186
22192
22201
22203
22209
22211
22220
22226
22232
22241
22248
22251
22253
22262
22269
22270
22272
22282
22287
22293
22303
22308
22312
22322
22327
22333
22346
22347
22349
22363
22366
22381
22383
22387
22401
22406
22418
22421
22425
22431
22443
22446
22452
22454
22474
22493
22496
22498
22517
22521
22536
22541
22544
22556
22558
22562
22568
22580
22582
22586
22590
22603
22609
22621
22629
22631
22643
22655
22667
22674
22678
22691
22697
22700
22717
22733
22739
22759
22763
22780
22783
22787
22802
22805
22814
22829
22832
22836
22840
22862
22865
22867
22891
22893
22911
22917
22919
22937
22941
22947
22962
22964
22968
22971
22973
22988
22990
22996
22998
23013
23015
23020
23023
23038
23045
23048
23063
23070
23076
23091
23098
23102
23111
23114
23125
23134
23137
23143
23147
23156
23159
23165
23168
23170
23174
23183
23186
23192
23197
23198
23200
23209
23212
23218
23224
23227
23236
23239
23244
23247
23256
23265
23268
23284
23293
23296
23304
23312
23321
23324
23332
23341
23350
23353
23361
23366
23369
23378
23381
23386
23388
23392
23393
23395
23404
23407
23412
23418
23424
23433
23436
23441
23452
23461
23464
23469
23476
23480
23498
23504
23524
23526
23548
23552
23570
23571
23573
23577
23594
23597
23601
23605
23630
23650
23654
23658
23675
23677
23681
23687
23704
23711
23714
23716
23733
23740
23746
23757
23763
23769
23780
23790
23794
23805
23811
23815
23819
23830
23835
23838
23842
23845
23847
23858
23863
23866
23870
23871
23873
23884
23897
23908
23913
23915
23919
23923
23934
23939
23946
23952
23963
23970
23975
23984
23985
23991
23997
24006
24007
24014
24017
24026
24027
24038
24042
24051
24052
24057
24060
24069
24078
24079
24092
24101
24102
24108
24110
24114
24123
24124
24129
24138
24140
24149
24150
24156
24161
24167
24176
24177
24183
24190
24192
24201
24213
24217
24226
24234
24240
24244
24253
24260
24263
24267
24273
24282
24292
24296
24302
24311
24318
24320
24326
24328
24337
24344
24351
24357
24366
24373
24380
24384
24393
24401
24407
24410
24419
24429
24433
24437
24446
24456
24461
24464
24466
24475
24484
24487
24491
24495
24504
24520
24523
24525
24534
24546
24550
24554
24563
24572
24574
24578
24581
24583
24592
24601
24603
24607
24611
24620
24629
24636
24639
24648
24657
24666
24668
24677
24688
24693
24702
24712
24717
24720
24722
24732
24739
24742
24744
24754
24762
24765
24775
24782
24787
24791
24801
24807
24810
24814
24817
24819
24829
24835
24838
24843
24846
24856
24866
24870
24880
24886
24888
24892
24898
24908
24914
24916
24922
24924
24934
24940
24948
24950
24960
24966
24978
24988
24995
25000
25001
25003
25019
25031
25034
25046
25051
25062
25069
25071
25082
25087
25091
25101
25104
25112
25122
25125
25129
25135
25152
25158
25175
25179
25197
25200
25213
25217
25220
25222
25232
25234
25240
25242
25253
25259
25269
25275
25276
25278
25288
25295
25298
25308
25316
25319
25330
25340
25358
25372
25378
25396
25400
25414
25419
25423
25437
25447
25461
25468
25470
25483
25486
25494
25507
25510
25514
25520
25541
25565
25585
25589
25605
25609
25615
25628
25630
25639
25652
25654
25660
25662
25676
25682
25695
25701
25704
25706
25719
25726
25732
25745
25753
25756
25773
25776
25778
25799
25803
25820
25825
25829
25846
25855
25871
25874
25882
25898
25901
25905
25911
25927
25930
25934
25938
25954
25957
25962
25965
25988
25991
25993
26016
26017
26019
26038
26047
26066
26072
26074
26091
26093
26097
26113
26115
26119
26125
26141
26143
26147
26148
26150
26166
26168
26172
26176
26192
26200
26202
26218
26224
26225
26227
26243
26254
26270
26277
26281
26297
26304
26310
26327
26332
26333
26335
26352
26357
26361
26371
26374
26380
26386
26396
26399
26406
26409
26419
26422
26428
26434
26438
26448
26451
26458
26461
26465
26475
26478
26484
26491
26493
26503
26506
26522
26532
26535
26547
26553
26563
26566
26578
26584
26594
26597
26605
26609
26612
26614
26624
26627
26632
26634
26638
26641
26643
26653
26656
26661
26672
26682
26685
26690
26697
26703
26713
26716
26722
26731
26741
26744
26750
26757
26759
26769
26772
26778
26783
26784
26786
26810
26829
26835
26839
26858
26861
26865
26891
26912
26918
26920
26938
26940
26944
26950
26968
26970
26979
26998
27004
27022
27028
27034
27052
27059
27060
27062
27081
27086
27092
27104
27112
27114
27126
27132
27137
27141
27153
27159
27168
27180
27186
27191
27197
27209
27223
27225
27237
27245
27249
27255
27267
27272
27274
27282
27294
27299
27301
27306
27309
27321
27326
27332
27336
27348
27353
27365
27377
27383
27388
27394
27404
27405
27411
27416
27420
27430
27431
27437
27442
27448
27458
27459
27465
27472
27474
27484
27485
27491
27496
27500
27510
27511
27516
27519
27523
27527
27537
27538
27550
27556
27566
27567
27575
27583
27593
27594
27599
27601
27609
27619
27620
27625
27635
27645
27646
27651
27657
27661
27671
27672
27677
27684
27685
27687
27697
27698
27704
27711
27713
27723
27724
27730
27735
27741
27751
27759
27765
27775
27783
27786
27788
27798
27810
27814
27824
27832
27837
27843
27853
27860
27863
27867
27871
27881
27895
27896
27898
27908
27922
27928
27938
27948
27952
27958
27968
27978
27982
27985
27987
27997
28004
28006
28014
28024
28032
28038
28048
28055
28061
28062
28064
28074
28081
28088
28094
28104
28112
28117
28121
28131
28146
28156
28171
28175
28185
28195
28205
28215
28225
28228
28232
28242
28259
28269
28286
28289
28299
28311
28319
28329
28338
28340
28344
28350
28360
28370
28376
28386
28395
28402
28408
28418
28427
28434
28440
28450
28460
28469
28480
28487
28491
28502
28509
28512
28514
28518
28529
28536
28537
28539
28543
28554
28562
28567
28578
28584
28587
28591
28594
28596
28607
28620
28626
28637
28650
28651
28653
28664
28673
28678
28681
28692
28698
28700
28704
28710
28721
28727
28733
28739
28750
28756
28763
28766
28768
28779
28787
28792
28803
28810
28815
28822
28831
28834
28837
28847
28851
28862
28864
28869
28878
28883
28890
28898
28901
28911
28928
28939
28943
28946
28949
28957
28959
28968
28976
28982
28985
28988
28997
29005
29013
29022
29025
29033
29040
29047
29057
29063
29072
29077
29080
29083
29100
29112
29117
29133
29138
29155
29160
29172
29177
29184
29195
29198
29208
29219
29222
29226
29231
29251
29254
29272
29277
29291
29300
29314
29324
29335
29337
29346
29357
29359
29363
29366
29369
29380
29391
29402
29414
29425
29437
29448
29456
29460
29472
29482
29494
29505
29520
29527
29542
29547
29562
29569
29585
29589
29604
29607
29609
29614
29629
29636
29639
29654
29659
29666
29687
29690
29693
29714
29715
29718
29735
29740
29744
29758
29760
29769
29783
29785
29791
29794
29808
29810
29814
29821
29836
29844
29858
29865
29868
29871
29885
29892
29897
29913
29919
29928
29931
29938
29946
29949
29955
29958
29961
29969
29972
29978
29983
29991
29994
30000
30003
30005
30010
30018
30021
30027
30028
30030
30035
30043
30046
30052
30057
30058
30061
30069
30072
30078
30084
30088
30096
30099
30104
30107
30111
30118
30126
30129
30146
30154
30157
30165
30174
30182
30185
30193
30203
30211
30214
30222
30226
30233
30241
30244
30249
30251
30261
30269
30272
30277
30279
30283
30288
30296
30299
30305
30313
30321
30324
30329
30336
30343
30351
30354
30360
30370
30387
30394
30411
30418
30439
30444
30461
30471
30488
30493
30498
30515
30520
30527
30544
30547
30552
30568
30571
30575
30578
30581
30610
30629
30633
30636
30639
30658
30662
30663
30666
30682
30684
30688
30693
30709
30715
30722
30738
30744
30745
30748
30764
30771
30775
30792
30797
30800
30803
30820
30825
30832
30842
30848
30855
30865
30873
30876
30886
30893
30899
30909
30915
30920
30923
30926
30936
30942
30947
30952
30962
30968
30971
30976
30986
31004
31014
31027
31031
31041
31049
31055
31058
31068
31076
31080
31087
31097
31102
31113
31123
31128
31140
31150
31155
31161
31168
31178
31183
31195
31205
31210
31217
31220
31223
31233
31238
31245
31246
31249
31257
31258
31264
31269
31277
31278
31285
31289
31297
31298
31303
31306
31316
31324
31325
31330
31333
31337
31342
31350
31351
31359
31363
31366
31369
31377
31378
31386
31390
31395
31403
31404
31409
31411
31415
31418
31421
31429
31430
31435
31437
31441
31442
31445
31453
31454
31459
31466
31473
31481
31482
31487
31494
31499
31507
31508
31515
31521
31529
31530
31536
31541
31544
31547
31555
31563
31564
31567
31575
31583
31587
31592
31600
31609
31615
31623
31630
31633
31637
31640
31643
31651
31667
31675
31689
31690
31693
31701
31716
31720
31728
31735
31737
31741
31744
31747
31755
31763
31770
31778
31785
31791
31798
31806
31813
31821
31824
31832
31839
31846
31853
31861
31868
31877
31880
31888
31896
31901
31904
31907
31915
31923
31930
31933
31941
31949
31955
31959
31967
31977
31984
31992
32003
32007
32015
32025
32030
32035
32043
32054
32057
32062
32070
32080
32091
32099
32109
32114
32119
32127
32136
32139
32149
32157
32166
32169
32173
32178
32186
32202
32205
32208
32216
32232
32239
32247
32259
32263
32270
32278
32290
32296
32299
32307
32316
32318
32322
32329
32337
32346
32348
32354
32357
32365
32374
32385
32393
32402
32414
32422
32431
32437
32444
32452
32461
32473
32481
32490
32497
32504
32512
32522
32532
32540
32550
32555
32556
32559
32567
32577
32583
32587
32596
32603
32606
32609
32618
32631
32640
32647
32648
32651
32660
32668
32672
32681
32688
32689
32691
32696
32705
32713
32716
32721
32730
32737
32748
32757
32764
32769
32774
32783
32789
32792
32801
32810
32816
32819
32825
32828
32837
32843
32846
32850
32857
32866
32881
32884
32893
32906
32913
32922
32929
32931
32936
32945
32951
32953
32957
32958
32961
32970
32976
32978
32983
32987
32996
33002
33008
33009
33012
33021
33027
33034
33038
33047
33054
33059
33062
33065
33074
33081
33088
33091
33100
33107
33112
33119
33130
33133
33142
33149
33158
33159
33161
33166
33175
33186
33195
33200
33205
33213
33216
33226
33234
33237
33241
33246
33263
33266
33282
33286
33297
33303
33306
33317
33321
33328
33336
33338
33344
33347
33355
33357
33361
33368
33376
33382
33385
33388
33396
33404
33407
33415
33422
33425
33428
33436
33443
33444
33447
33456
33461
33464
33467
33476
33481
33482
33485
33502
33514
33517
33520
33532
33537
33553
33558
33575
33580
33592
33602
33614
33625
33637
33643
33647
33658
33661
33667
33670
33693
33717
33731
33740
33754
33764
33778
33783
33787
33798
33800
33804
33805
33808
33819
33821
33826
33830
33841
33847
33854
33865
33872
33876
33887
33894
33901
33912
33919
33924
33936
33947
33964
33979
33982
33985
34001
34005
34020
34023
34025
34030
34046
34052
34067
34074
34077
34092
34097
34104
34118
34121
34127
34130
34144
34147
34151
34158
34185
34207
34211
34228
34234
34237
34254
34258
34265
34279
34281
34287
34290
34304
34306
34310
34317
34331
34343
34358
34366
34380
34387
34390
34393
34407
34414
34415
34418
34426
34429
34435
34442
34450
34453
34459
34466
34474
34477
34487
34492
34500
34503
34509
34514
34521
34529
34532
34537
34540
34549
34557
34560
34565
34568
34578
34586
34589
34598
34603
34611
34614
34622
34628
34631
34639
34642
34650
34655
34659
34667
34670
34675
34677
34681
34688
34696
34699
34704
34711
34715
34723
34726
34731
34738
34745
34753
34756
34761
34768
34769
34772
34780
34783
34788
34796
34800
34819
34822
34840
34844
34861
34862
34864
34869
34887
34890
34895
34911
34914
34920
34923
34948
34971
34972
34975
34999
35003
35019
35021
35031
35047
35049
35053
35058
35074
35085
35101
35113
35129
35135
35136
35139
35155
35162
35166
35183
35194
35211
35216
35221
35231
35242
35252
35258
35265
35275
35287
35297
35303
35308
35318
35323
35326
35330
35333
35336
35346
35351
35354
35358
35359
35362
35372
35377
35379
35383
35386
35389
35399
35404
35406
35410
35411
35414
35424
35429
35438
35441
35451
35456
35464
35468
35478
35484
35489
35496
35504
35505
35511
35516
35524
35525
35532
35536
35544
35545
35551
35554
35556
35561
35569
35570
35576
35577
35579
35584
35592
35593
35599
35605
35610
35618
35619
35625
35635
35643
35644
35649
35652
35656
35657
35660
35668
35669
35674
35677
35681
35688
35696
35697
35709
35716
35724
35725
35737
35740
35743
35751
35752
35766
35769
35777
35778
35790
35797
35805
35806
35811
35813
35817
35820
35823
35831
35832
35837
35843
35846
35849
35857
35858
35863
35869
35870
35873
35881
35882
35888
35898
35906
35914
35921
35929
35939
35942
35950
35959
35965
35973
35981
35986
35987
35990
35998
36005
36008
36012
36019
36027
36034
36037
36043
36046
36054
36065
36070
36078
36088
36092
36097
36105
36113
36115
36120
36128
36135
36137
36141
36144
36147
36155
36162
36168
36175
36183
36192
36198
36206
36214
36219
36222
36225
36233
36243
36250
36258
36270
36272
36277
36285
36296
36299
36304
36312
36322
36327
36334
36342
36351
36354
36363
36371
36380
36383
36387
36392
36400
36418
36426
36442
36449
36457
36475
36478
36486
36498
36508
36516
36526
36528
36533
36541
36550
36552
36561
36569
36578
36580
36584
36587
36590
36598
36607
36609
36613
36614
36617
36625
36634
36642
36645
36653
36662
36674
36682
36691
36698
36705
36713
36724
36730
36738
36748
36753
36756
36759
36768
36775
36782
36791
36798
36805
36814
36821
36824
36826
36831
36840
36848
36851
36856
36865
36872
36877
36884
36893
36899
36902
36911
36920
36933
36938
36947
36957
36962
36971
36980
36985
36989
36998
37004
37015
37024
37030
37038
37041
37050
37056
37062
37069
37078
37084
37091
37096
37105
37112
37117
37118
37124
37134
37140
37143
37149
37155
37160
37168
37175
37184
37190
37204
37210
37213
37221
37226
37229
37233
37236
37242
37254
37264
37276
37284
37297
37304
37312
37316
37319
37325
37333
37338
37345
37350
37352
37356
37366
37371
37385
37390
37396
37397
37403
37408
37414
37424
37429
37436
37439
37445
37450
37457
37458
37464
37469
37477
37484
37490
37495
37505
37514
37517
37523
37533
37540
37551
37553
37561
37570
37576
37584
37593
37598
37606
37614
37617
37621
37624
37630
37650
37665
37668
37674
37685
37689
37699
37710
37714
37722
37730
37732
37737
37744
37752
37758
37768
37776
37791
37799
37806
37814
37823
37828
37838
37847
37854
37860
37869
37874
37882
37899
37912
37919
37933
37935
37943
37956
37965
37977
37990
38002
38007
38010
38016
38028
38033
38034
38040
38051
38054
38058
38061
38067
38078
38081
38094
38121
38139
38147
38161
38174
38188
38194
38200
38211
38213
38225
38236
38238
38251
38262
38264
38268
38269
38275
38286
38288
38293
38300
38311
38317
38318
38324
38335
38341
38349
38360
38367
38370
38376
38387
38394
38402
38415
38424
38436
38441
38449
38461
38466
38476
38481
38484
38499
38504
38507
38514
38521
38526
38529
38535
38538
38540
38548
38553
38556
38563
38572
38577
38580
38586
38599
38604
38607
38613
38618
38626
38631
38634
38640
38643
38651
38656
38659
38664
38667
38671
38681
38686
38689
38694
38697
38701
38702
38708
38713
38716
38721
38724
38729
38736
38741
38744
38756
38757
38763
38768
38771
38783
38791
38796
38799
38807
38811
38814
38820
38825
38828
38836
38849
38854
38857
38865
38869
38870
38876
38881
38884
38890
38892
38900
38905
38908
38913
38915
38919
38922
38928
38933
38936
38942
38952
38957
38960
38965
38979
38984
38987
38992
38998
39006
39011
39014
39019
39026
39027
39033
39038
39041
39046
39054
39061
39066
39069
39075
39080
39081
39087
39092
39095
39101
39106
39114
39128
39131
39137
39152
39159
39173
39178
39186
39202
39204
39212
39226
39231
39241
39255
39260
39263
39269
39283
39288
39298
39311
39314
39326
39351
39371
39374
39380
39397
39405
39421
39433
39449
39453
39454
39460
39476
39481
39488
39501
39503
39507
39510
39516
39529
39531
39535
39543
39557
39567
39580
39586
39594
39607
39613
39623
39638
39647
39661
39666
39667
39673
39687
39693
39700
39707
39713
39714
39720
39727
39733
39741
39748
39755
39758
39766
39773
39779
39786
39792
39799
39805
39810
39820
39827
39832
39835
39841
39847
39854
39859
39862
39866
39867
39873
39880
39893
39900
39907
39915
39919
39929
39936
39944
39950
39956
39963
39968
39970
39974
39984
39991
39996
39998
40002
40005
40011
40018
40023
40037
40044
40050
40061
40068
40073
40080
40083
40089
40096
40103
40112
40119
40125
40138
40145
40151
40157
40164
40169
40170
40176
40179
40185
40190
40191
40197
40205
40210
40211
40218
40225
40230
40231
40237
40241
40249
40254
40255
40261
40267
40275
40280
40281
40287
40292
40295
40301
40306
40307
40313
40320
40326
40331
40332
40338
40344
40351
40356
40357
40362
40365
40371
40377
40382
40383
40388
40391
40395
40405
40410
40411
40425
40431
40436
40437
40449
40450
40456
40461
40462
40470
40482
40487
40488
40496
40500
40503
40509
40514
40515
40523
40527
40537
40542
40543
40548
40550
40562
40567
40568
40573
40575
40588
40593
40594
40599
40613
40618
40619
40624
40630
40640
40645
40646
40651
40657
40665
40670
40671
40676
40683
40686
40692
40697
40698
40703
40711
40718
40723
40724
40730
40735
40745
40750
40751
40757
40763
40770
40776
40788
40793
40803
40809
40814
40822
40823
40825
40833
40838
40847
40850
40858
40863
40871
40876
40877
40883
40888
40896
40901
40909
40914
40921
40924
40928
40938
40943
40950
40953
40958
40965
40970
40989
40994
41008
41018
41023
41039
41045
41050
41060
41064
41074
41079
41086
41088
41101
41106
41113
41115
41119
41127
41132
41139
41154
41159
41166
41173
41181
41186
41195
41204
41209
41217
41222
41230
41235
41245
41246
41252
41257
41268
41275
41280
41290
41295
41303
41308
41319
41322
41330
41335
41345
41350
41358
41363
41373
41378
41388
41393
41403
41406
41414
41419
41428
41431
41444
41449
41458
41461
41465
41473
41478
41503
41508
41520
41524
41534
41539
41551
41556
41563
41568
41577
41579
41591
41596
41605
41607
41620
41625
41634
41648
41653
41662
41669
41676
41681
41690
41706
41711
41722
41731
41736
41746
41751
41754
41760
41767
41778
41784
41791
41799
41805
41813
41820
41826
41838
41846
41852
41859
41863
41871
41877
41885
41888
41896
41902
41909
41914
41924
41930
41937
41943
41950
41956
41969
41977
41983
41993
42001
42007
42016
42020
42028
42034
42040
42054
42060
42066
42074
42080
42086
42092
42098
42108
42114
42120
42129
42135
42141
42148
42153
42154
42156
42161
42167
42172
42178
42181
42183
42188
42195
42198
42203
42210
42215
42220
42226
42236
42241
42247
42254
42256
42261
42267
42272
42276
42281
42287
42290
42294
42299
42304
42307
42311
42315
42320
42337
42342
42354
42355
42357
42362
42370
42378
42383
42391
42400
42405
42413
42417
42421
42426
42431
42433
42442
42447
42452
42462
42467
42472
42478
42482
42487
42492
42499
42502
42504
42509
42514
42521
42522
42524
42529
42535
42540
42543
42545
42550
42560
42565
42574
42575
42577
42582
42591
42596
42600
42605
42616
42618
42622
42627
42636
42641
42647
42652
42661
42667
42670
42675
42683
42686
42690
42691
42693
42698
42706
42709
42714
42717
42722
42741
42746
42766
42771
42782
42790
42795
42806
42810
42816
42821
42830
42836
42841
42849
42855
42858
42860
42865
42874
42881
42886
42894
42901
42907
42912
42921
42926
42929
42931
42936
42945
42951
42954
42959
42971
42977
42982
42995
42998
43003
43015
43021
43025
43030
43042
43051
43056
43068
43073
43077
43082
43094
43100
43103
43108
43119
43122
43126
43132
43137
43148
43151
43156
43159
43164
43178
43182
43188
43193
43207
43211
43212
43214
43219
43233
43238
43241
43246
43257
43259
43263
43264
43266
43271
43282
43290
43292
43297
43308
43314
43318
43323
43334
43341
43344
43346
43351
43362
43371
43373
43378
43389
43396
43402
43407
43419
43426
43428
43433
43438
43441
43449
43451
43456
43461
43464
43474
43478
43483
43488
43491
43502
43506
43511
43516
43519
43525
43534
43539
43544
43547
43553
43556
43560
43565
43570
43573
43578
43581
43585
43589
43594
43599
43602
43607
43610
43614
43620
43625
43630
43633
43646
43651
43656
43659
43671
43674
43676
43681
43686
43689
43698
43702
43707
43712
43715
43720
43722
43730
43735
43740
43743
43748
43750
43754
43755
43757
43762
43767
43770
43775
43777
43782
43785
43790
43795
43798
43803
43809
43813
43818
43823
43826
43831
43843
43848
43853
43856
43861
43868
43874
43879
43884
43887
43893
43902
43907
43912
43915
43921
43927
43930
43935
43949
43950
43952
43957
43971
43972
43974
43978
43983
43998
44001
44005
44010
44024
44029
44033
44038
44058
44064
44069
44094
44099
44119
44123
44128
44144
44150
44152
44157
44170
44172
44178
44180
44185
44198
44200
44205
44208
44213
44226
44232
44238
44243
44257
44264
44269
44282
44290
44293
44298
44312
44317
44321
44326
44334
44340
44345
44352
44358
44364
44369
44376
44387
44391
44396
44403
44409
44410
44412
44416
44421
44428
44434
44441
44443
44448
44455
44461
44466
44472
44477
44484
44489
44492
44496
44497
44499
44504
44511
44523
44529
44534
44541
44558
44563
44570
44582
44588
44593
44600
44608
44612
44618
44623
44630
44638
44644
44646
44651
44658
44663
44665
44669
44672
44674
44679
44686
44691
44693
44698
44701
44706
44713
44718
44725
44728
44733
44740
44745
44752
44758
44763
44770
44777
44782
44787
44794
44800
44805
44806
44808
44813
44818
44819
44825
44828
44830
44835
44840
44841
44848
44851
44856
44861
44862
44868
44873
44877
44882
44887
44888
44895
44900
44905
44910
44911
44917
44922
44926
44931
44936
44937
44942
44945
44949
44950
44952
44957
44962
44963
44968
44971
44976
44979
44984
44989
44990
45002
45006
45011
45016
45017
45025
45034
45039
45044
45045
45050
45052
45060
45065
45070
45071
45076
45087
45092
45097
45098
45103
45110
45113
45118
45123
45124
45130
45135
45136
45138
45143
45148
45149
45155
45160
45166
45171
45176
45189
45193
45198
45203
45211
45217
45220
45225
45230
45237
45240
45248
45253
45258
45273
45276
45281
45286
45296
45300
45301
45303
45308
45313
45320
45322
45327
45330
45335
45340
45347
45353
45354
45356
45361
45366
45373
45380
45383
45388
45393
45401
45410
45415
45420
45432
45436
45442
45447
45452
45464
45470
45472
45477
45482
45491
45497
45500
45502
45507
45512
45522
45527
45528
45530
45535
45541
45548
45551
45553
45558
45564
45571
45578
45580
45585
45591
45597
45603
45607
45612
45618
45625
45630
45633
45635
45640
45646
45653
45660
45662
45667
45673
45680
45686
45689
45692
45695
45701
45707
45710
45713
45719
45723
45727
45730
45733
45740
45743
45747
45750
45753
45759
45769
45772
45775
45788
45791
45794
45806
45810
45813
45816
45828
45834
45837
45840
45845
45847
45851
45855
45858
45861
45868
45873
45876
45879
45885
45894
45897
45900
45906
45911
45914
45916
45919
45922
45936
45940
45943
45946
45955
45959
45963
45966
45969
45989
45992
45995
46003
46005
46010
46013
46016
46019
46027
46035
46037
46040
46043
46052
46057
46060
46062
46065
46068
46077
46083
46086
46089
46092
46104
46110
46113
46116
46128
46137
46140
46143
46161
46167
46170
46173
46187
46196
46199
46202
46213
46215
46219
46223
46226
46229
46241
46247
46250
46253
46264
46270
46271
46273
46276
46279
46291
46298
46301
46304
46316
46326
46329
46332
46344
46349
46353
46356
46359
46364
46367
46373
46376
46378
46381
46384
46389
46392
46398
46404
46407
46410
46415
46418
46424
46434
46437
46440
46445
46448
46454
46459
46463
46466
46469
46474
46477
46482
46485
46489
46495
46498
46501
46506
46509
46514
46517
46523
46525
46528
46531
46536
46539
46544
46547
46552
46555
46558
46561
46566
46569
46581
46587
46590
46593
46598
46601
46609
46618
46621
46624
46629
46632
46640
46644
46648
46651
46654
46659
46662
46667
46669
46673
46679
46682
46685
46690
46693
46698
46700
46706
46708
46711
46714
46719
46722
46728
46734
46737
46740
46745
46748
46753
46760
46763
46765
46768
46771
46776
46779
46784
46791
46792
46794
46797
46800
46805
46808
46814
46819
46825
46828
46831
46850
46854
46857
46860
46874
46878
46882
46885
46888
46902
46905
46909
46912
46915
46935
46938
46940
46943
46946
46966
46967
46969
46972
46975
46991
47000
47003
47006
47022
47026
47032
47035
47038
47054
47059
47062
47065
47068
47081
47091
47094
47097
47110
47121
47124
47127
47140
47147
47150
47153
47156
47169
47180
47183
47186
47194
47200
47203
47206
47213
47219
47222
47224
47227
47230
47237
47243
47249
47252
47255
47262
47268
47273
47279
47282
47285
47292
47297
47300
47308
47311
47314
47321
47326
47329
47333
47334
47336
47339
47342
47349
47361
47364
47366
47369
47372
47379
47387
47391
47392
47394
47397
47400
47407
47415
47420
47423
47426
47429
47436
47441
47443
47452
47455
47458
47465
47470
47476
47479
47481
47484
47487
47494
47499
47508
47510
47513
47516
47523
47528
47535
47541
47544
47547
47554
47560
47565
47568
47570
47573
47576
47582
47583
47589
47592
47595
47600
47601
47611
47614
47617
47622
47623
47629
47632
47634
47638
47641
47644
47649
47650
47656
47657
47659
47663
47666
47669
47674
47675
47681
47690
47693
47696
47701
47702
47708
47713
47719
47722
47725
47730
47731
47748
47751
47754
47759
47760
47772
47776
47779
47782
47787
47788
47796
47800
47803
47805
47808
47811
47816
47817
47825
47829
47835
47838
47841
47846
47847
47852
47863
47866
47869
47874
47875
47880
47892
47895
47898
47903
47913
47915
47918
47921
47926
47935
47938
47941
47944
47949
47956
47959
47963
47969
47972
47975
47980
47987
47990
47994
47998
48001
48004
48009
48024
48027
48030
48035
48042
48044
48052
48055
48058
48063
48070
48072
48081
48084
48087
48092
48099
48106
48107
48109
48112
48115
48120
48127
48135
48138
48141
48144
48149
48157
48162
48165
48167
48170
48173
48178
48188
48193
48199
48202
48205
48210
48222
48228
48230
48233
48236
48241
48250
48257
48260
48262
48265
48268
48274
48281
48285
48288
48291
48297
48308
48312
48315
48318
48324
48330
48333
48337
48343
48346
48349
48355
48368
48371
48373
48376
48379
48385
48391
48393
48402
48405
48408
48414
48421
48426
48432
48435
48438
48444
48451
48456
48468
48474
48479
48491
48497
48503
48512
48521
48531
48539
48543
48553
48559
48572
48581
48593
48602
48605
48607
48617
48625
48628
48632
48644
48670
48681
48686
48695
48703
48705
48711
48719
48727
48744
48753
48768
48780
48790
48802
48805
48807
48817
48829
48835
48845
48856
48859
48863
48864
48872
48890
48902
48920
48930
48941
48943
48947
48950
48958
48969
48971
48976
48985
48996
49004
49012
49025
49036
49048
49055
49063
49075
49080
49092
49097
49100
49106
49118
49123
49126
49134
49142
49147
49150
49157
49160
49170
49175
49178
49184
49200
49205
49208
49214
49219
49229
49234
49237
49249
49261
49266
49269
49274
49280
49281
49289
49294
49297
49302
49309
49321
49346
49360
49365
49375
49389
49390
49392
49402
49415
49418
49433
49446
49449
49454
49463
49493
49515
49523
49543
49555
49568
49570
49574
49586
49599
49601
49605
49617
49630
49637
49638
49646
49660
49675
49689
49694
49704
49711
49719
49721
49731
49738
49745
49756
49763
49769
49774
49784
49791
49797
49800
49810
49817
49840
49847
49855
49869
49876
49881
49883
49887
49888
49896
49903
49908
49910
49914
49924
49931
49936
49943
49953
49960
49965
49972
49984
49991
49997
50013
50018
50019
50026
50035
50040
50041
50051
50061
50066
50067
50073
50077
50087
50092
50093
50099
50104
50107
50115
50120
50121
50126
50129
50133
50143
50148
50149
50154
50157
50161
50173
50178
50179
50202
50207
50208
50213
50215
50230
50235
50236
50241
50243
50249
50257
50262
50263
50269
50281
50286
50287
50292
50298
50301
50309
50314
50315
50321
50336
50341
50342
50348
50353
50365
50370
50371
50377
50382
50392
50398
50412
50417
50436
50441
50450
50461
50466
50474
50489
50494
50508
50520
50525
50540
50549
50554
50561
50563
50567
50579
50584
50591
50599
50607
50612
50619
50625
50626
50634
50639
50646
50664
50669
50676
50684
50693
50698
50708
50720
50725
50735
50738
50746
50751
50762
50771
50776
50790
50800
50805
50815
50822
50830
50835
50845
50850
50851
50859
50864
50873
50876
50890
50895
50904
50907
50911
50914
50922
50927
50936
50939
50943
50955
50960
50972
50986
50991
51003
51007
51019
51024
51036
51040
51052
51057
51066
51083
51088
51097
51105
51113
51118
51128
51141
51146
51155
51162
51163
51171
51176
51185
51192
51202
51207
51217
51223
51232
51239
51252
51258
51267
51275
51281
51293
51303
51309
51316
51321
51322
51330
51336
51343
51348
51358
51364
51370
51373
51377
51389
51395
51401
51404
51409
51418
51424
51444
51450
51459
51463
51475
51481
51490
51494
51497
51505
51511
51520
51525
51534
51540
51546
51548
51563
51569
51576
51589
51595
51601
51618
51624
51630
51637
51647
51653
51660
51673
51676
51682
51683
51688
51691
51697
51704
51707
51713
51716
51718
51725
51728
51734
51740
51747
51750
51755
51758
51762
51771
51774
51782
51788
51793
51796
51801
51803
51809
51814
51817
51822
51828
51835
51838
51843
51852
51857
51860
51865
51872
51873
51878
51881
51886
51893
51902
51905
51914
51923
51926
51936
51942
51945
51956
51958
51965
51968
51977
51983
51990
51993
52002
52005
52012
52015
52023
52026
52030
52039
52042
52053
52057
52066
52069
52077
52079
52083
52084
52089
52092
52100
52102
52107
52113
52116
52124
52131
52134
52139
52142
52152
52160
52163
52172
52177
52180
52185
52188
52204
52211
52214
52226
52232
52239
52242
52254
52266
52269
52281
52288
52293
52296
52308
52313
52322
52325
52347
52350
52361
52363
52369
52374
52377
52389
52394
52397
52402
52405
52410
52413
52419
52426
52429
52434
52437
52443
52455
52458
52463
52466
52471
52474
52485
52488
52493
52496
52501
52504
52510
52515
52518
52523
52526
52534
52545
52548
52553
52556
52561
52563
52574
52577
52582
52585
52590
52592
52596
52603
52606
52611
52614
52619
52626
52632
52635
52640
52643
52648
52655
52662
52665
52670
52673
52678
52686
52692
52695
52709
52712
52717
52720
52735
52741
52744
52758
52763
52770
52773
52787
52790
52797
52800
52813
52816
52820
52827
52830
52843
52846
52851
52857
52860
52880
52883
52888
52891
52907
52911
52918
52921
52934
52936
52948
52951
52965
52974
52977
52990
52997
52998
53003
53006
53020
53025
53028
53033
53036
53050
53056
53062
53065
53072
53078
53087
53090
53097
53108
53115
53118
53125
53131
53143
53146
53153
53159
53164
53171
53174
53181
53193
53196
53201
53204
53211
53220
53227
53230
53237
53245
53249
53256
53259
53266
53272
53281
53284
53291
53296
53302
53309
53312
53319
53325
53331
53337
53340
53345
53346
53352
53353
53358
53361
53366
53367
53373
53376
53378
53385
53388
53393
53394
53400
53405
53412
53415
53420
53421
53426
53429
53435
53440
53443
53448
53449
53465
53468
53473
53474
53486
53489
53494
53497
53502
53503
53511
53517
53522
53525
53530
53531
53536
53538
53542
53545
53550
53553
53558
53559
53564
53566
53570
53579
53582
53587
53588
53593
53608
53611
53616
53617
53623
53628
53637
53640
53645
53646
53652
53657
53666
53669
53674
53686
53693
53696
53701
53709
53716
53721
53724
53729
53736
53739
53744
53750
53753
53758
53769
53776
53779
53784
53791
53793
53799
53804
53807
53812
53819
53827
53832
53835
53840
53848
53861
53864
53869
53879
53882
53887
53890
53895
53905
53906
53911
53914
53919
53929
53934
53941
53944
53949
53959
53972
53975
53980
53992
54003
54006
54011
54020
54034
54037
54042
54052
54057
54060
54065
54068
54074
54081
54086
54093
54096
54102
54109
54114
54123
54126
54132
54139
54152
54155
54161
54167
54170
54174
54183
54186
54192
54205
54212
54215
54221
54235
54241
54244
54250
54256
54258
54262
54269
54272
54278
54284
54290
54291
54296
54299
54305
54311
54317
54326
54329
54335
54341
54348
54351
54356
54359
54365
54372
54377
54378
54380
54382
54385
54393
54395
54397
54400
54406
54409
54411
54415
54417
54420
54426
54433
54435
54437
54440
54445
54448
54454
54456
54458
54461
54469
54473
54479
54481
54484
54489
54491
54499
54501
54504
54509
54516
54522
54524
54527
54533
54542
54544
54547
54553
54558
54564
54566
54569
54575
54581
54584
54586
54589
54598
54601
54603
54607
54609
54612
54620
54623
54631
54633
54636
54647
54651
54654
54656
54658
54661
54670
54672
54676
54678
54681
54689
54691
54699
54701
54704
54712
54723
54725
54728
54736
54747
54749
54752
54760
54772
54774
54777
54785
54792
54793
54795
54797
54800
54816
54818
54821
54833
54839
54841
54844
54856
54859
54861
54865
54867
54870
54882
54885
54889
54891
54894
54905
54908
54912
54916
54918
54921
54939
54945
54947
54950
54970
54972
54974
54977
54991
54995
55001
55003
55006
55017
55019
55025
55027
55029
55032
55043
55053
55055
55058
55069
55078
55080
55082
55085
55097
55106
55108
55111
55123
55133
55135
55138
55143
55146
55157
55161
55163
55166
55171
55174
55180
55185
55189
55191
55194
55199
55202
55208
55211
55215
55217
55220
55225
55228
55240
55243
55245
55247
55250
55255
55258
55266
55270
55276
55278
55281
55286
55289
55294
55304
55306
55309
55314
55317
55322
55328
55334
55336
55339
55344
55347
55353
55360
55362
55365
55370
55373
55379
55386
55388
55390
55393
55411
55413
55416
55430
55433
55435
55437
55440
55454
55458
55460
55463
55477
55487
55489
55492
55506
55509
55513
55515
55518
55531
55534
55538
55544
55546
55549
55562
55565
55569
55573
55575
55578
55594
55602
55604
55607
55623
55627
55631
55633
55636
55649
55656
55659
55661
55664
55677
55686
55688
55690
55693
55707
55712
55718
55720
55723
55730
55737
55740
55742
55745
55752
55760
55762
55766
55768
55771
55778
55784
55789
55795
55797
55800
55807
55812
55815
55819
55823
55825
55828
55835
55852
55854
55857
55864
55872
55876
55877
55879
55881
55884
55891
55896
55898
55907
55909
55912
55919
55924
55930
55936
55938
55941
55948
55954
55961
55963
55966
55973
55978
55985
55986
55988
55990
55993
56000
56006
56016
56018
56021
56028
56034
56041
56043
56045
56048
56055
56061
56066
56070
56072
56075
56080
56081
56087
56090
56092
56094
56097
56102
56103
56113
56117
56119
56122
56127
56128
56134
56135
56137
56141
56143
56146
56151
56152
56159
56162
56166
56168
56171
56176
56177
56183
56188
56191
56193
56195
56198
56203
56204
56209
56212
56220
56222
56225
56230
56231
56236
56239
56243
56244
56246
56248
56251
56256
56257
56262
56265
56269
56273
56275
56278
56283
56284
56300
56302
56305
56310
56311
56323
56329
56331
56334
56339
56340
56348
56356
56358
56361
56366
56367
56375
56381
56383
56385
56388
56393
56394
56399
56401
56409
56411
56414
56419
56420
56425
56432
56438
56440
56443
56448
56449
56455
56460
56461
56463
56465
56468
56473
56481
56487
56489
56492
56497
56505
56510
56514
56516
56519
56524
56532
56533
56535
56539
56541
56544
56549
56557
56567
56569
56572
56577
56584
56587
56596
56598
56601
56606
56613
56616
56620
56626
56628
56631
56636
56650
56651
56653
56655
56658
56663
56673
56677
56680
56682
56684
56687
56692
56700
56702
56706
56708
56711
56716
56723
56725
56731
56733
56735
56738
56743
56750
56756
56759
56761
56763
56766
56771
56779
56786
56788
56791
56796
56803
56815
56817
56820
56825
56833
56838
56844
56846
56849
56854
56865
56868
56870
56873
56878
56890
56892
56896
56898
56901
56906
56915
56918
56926
56928
56931
56936
56945
56948
56952
56956
56958
56961
56966
56982
56988
56990
56993
56998
57010
57014
57017
57019
57021
57024
57029
57041
57045
57046
57048
57050
57053
57058
57068
57070
57074
57076
57079
57084
57094
57100
57102
57105
57110
57119
57125
57128
57130
57132
57135
57140
57149
57155
57159
57161
57164
57169
57179
57186
57188
57191
57196
57205
57217
57219
57222
57228
57235
57238
57240
57242
57245
57251
57258
57262
57264
57267
57273
57281
57286
57288
57291
57297
57304
57309
57310
57312
57314
57317
57323
57330
57333
57337
57339
57342
57348
57361
57364
57366
57368
57371
57377
57390
57396
57398
57401
57407
57416
57420
57423
57425
57427
57430
57436
57442
57444
57448
57451
57453
57455
57458
57464
57470
57472
57478
57480
57482
57485
57491
57497
57499
57504
57507
57509
57512
57518
57524
57530
57534
57536
57539
57545
57551
57558
57562
57564
57567
57573
57580
57587
57589
57591
57594
57600
57607
57613
57616
57621
57628
57631
57636
57644
57646
57650
57655
57661
57670
57675
57680
57683
57691
57696
57701
57704
57709
57712
57717
57734
57739
57747
57753
57755
57760
57766
57768
57772
57777
57782
57784
57792
57797
57802
57804
57810
57812
57817
57823
57830
57835
57840
57849
57851
57856
57862
57868
57871
57876
57886
57891
57900
57906
57911
57920
57926
57931
57940
57945
57951
57956
57965
57970
57974
57979
57987
57990
57996
57998
58003
58019
58022
58027
58038
58042
58043
58045
58050
58059
58061
58065
58070
58078
58089
58094
58102
58108
58112
58117
58125
58132
58135
58137
58142
58151
58156
58157
58159
58164
58173
58179
58182
58187
58199
58202
58204
58209
58222
58225
58230
58241
58244
58248
58249
58251
58256
58270
58274
58277
58279
58284
58298
58303
58306
58311
58322
58330
58332
58337
58348
58355
58358
58363
58374
58383
58385
58390
58402
58407
58413
58418
58423
58426
58433
58436
58441
58446
58449
58455
58460
58463
58465
58470
58475
58478
58484
58490
58493
58498
58503
58506
58511
58514
58518
58522
58527
58532
58535
58544
58548
58553
58558
58561
58569
58573
58577
58582
58587
58590
58598
58602
58608
58613
58618
58621
58626
58628
58632
58638
58643
58648
58651
58656
58662
58663
58665
58670
58675
58678
58683
58694
58699
58704
58707
58712
58720
58723
58728
58733
58736
58742
58747
58751
58756
58771
58776
58790
58796
58801
58817
58819
58823
58828
58842
58848
58852
58857
58871
58881
58886
58900
58903
58907
58912
58925
58928
58932
58936
58941
58962
58967
58987
58988
58990
58995
59011
59019
59024
59040
59044
59048
59053
59066
59068
59077
59082
59095
59097
59101
59105
59110
59123
59129
59132
59134
59139
59152
59158
59164
59169
59182
59189
59190
59192
59197
59211
59216
59219
59221
59226
59240
59245
59246
59248
59253
59260
59270
59275
59282
59293
59298
59305
59316
59320
59325
59332
59338
59347
59352
59359
59365
59375
59380
59387
59399
59405
59410
59417
59430
59433
59438
59445
59453
59457
59463
59468
59475
59480
59482
59490
59495
59502
59507
59509
59513
59517
59522
59529
59534
59545
59550
59557
59562
59568
59572
59577
59584
59589
59596
59602
59607
59614
59619
59631
59636
59643
59650
59655
59660
59667
59673
59683
59688
59693
59694
59704
59709
59714
59715
59726
59731
59736
59737
59744
59747
59752
59757
59758
59766
59768
59772
59777
59782
59783
59789
59794
59797
59799
59804
59809
59810
59816
59819
59823
59828
59833
59834
59839
59842
59846
59849
59851
59856
59861
59862
59867
59870
59874
59880
59885
59890
59891
59905
59907
59912
59917
59918
59926
59930
59933
59935
59940
59945
59946
59952
59954
59958
59963
59968
59969
59974
59976
59980
59983
59985
59990
59995
59996
60001
60003
60008
60011
60016
60021
60022
60027
60038
60043
60048
60061
60066
60071
60079
60088
60093
60098
60106
60111
60112
60114
60119
60124
60138
60144
60149
60154
60168
60171
60173
60178
60183
60199
60201
60206
60211
60221
60229
60234
60239
60246
60248
60252
60256
60261
60266
60273
60279
60285
60290
60295
60302
60308
60311
60313
60318
60323
60330
60336
60340
60345
60350
60358
60363
60369
60374
60379
60387
60394
60396
60401
60406
60418
60420
60425
60430
60440
60443
60447
60452
60457
60474
60477
60482
60487
60499
60505
60507
60512
60517
60526
60532
60535
60537
60542
60547
60556
60562
60566
60571
60576
60586
60593
60598
60603
60612
60624
60629
60636
60643
60648
60654
60661
60667
60672
60678
60685
60691
60696
60702
60709
60714
60717
60719
60724
60730
60737
60744
60746
60751
60757
60764
60767
60771
60776
60782
60788
60791
60797
60799
60804
60810
60820
60824
60829
60835
60844
60848
60849
60851
60856
60862
60868
60870
60879
60884
60890
60896
60903
60906
60911
60917
60923
60932
60934
60939
60945
60951
60958
60959
60961
60966
60972
60980
60985
60991
60999
61001
61007
61018
61022
61028
61034
61040
61044
61050
61056
61061
61065
61071
61076
61079
61083
61086
61088
61094
61099
61102
61106
61107
61109
61115
61128
61134
61147
61150
61156
61164
61170
61172
61178
61183
61185
61189
61192
61194
61200
61205
61211
61217
61223
61228
61235
61238
61244
61249
61256
61257
61259
61265
61271
61278
61280
61286
61299
61305
61314
61317
61319
61323
61329
61338
61343
61349
61355
61364
61369
61373
61379
61388
61391
61395
61401
61409
61412
61421
61427
61435
61438
61442
61446
61452
61471
61477
61489
61493
61499
61507
61509
61518
61524
61532
61534
61538
61544
61550
61558
61564
61568
61574
61582
61589
61590
61592
61598
61607
61612
61618
61624
61640
61646
61659
61662
61668
61680
61683
61685
61689
61695
61712
61716
61722
61734
61740
61744
61750
61762
61767
61771
61777
61788
61791
61795
61801
61807
61818
61821
61830
61836
61855
61861
61884
61890
61904
61908
61911
61913
61919
61933
61937
61943
61949
61961
61963
61967
61973
61984
61986
61995
62001
62013
62019
62025
62036
62043
62046
62052
62063
62075
62081
62093
62098
62099
62101
62107
62112
62115
62123
62125
62131
62136
62139
62149
62153
62159
62164
62167
62174
62179
62185
62190
62193
62199
62205
62208
62214
62219
62222
62227
62230
62239
62245
62250
62253
62265
62271
62277
62282
62285
62297
62301
62307
62312
62315
62323
62327
62328
62330
62336
62341
62344
62349
62351
62355
62361
62367
62372
62375
62380
62386
62389
62391
62397
62402
62405
62411
62418
62424
62429
62432
62437
62448
62454
62459
62462
62467
62474
62478
62484
62489
62492
62499
62504
62510
62515
62518
62524
62534
62540
62558
62564
62578
62584
62590
62604
62610
62616
62630
62633
62635
62639
62645
62660
62663
62667
62673
62687
62692
62693
62695
62701
62715
62720
62724
62730
62743
62746
62750
62753
62755
62761
62782
62788
62813
62819
62835
62843
62849
62865
62869
62875
62881
62897
62901
62905
62911
62925
62927
62931
62937
62950
62960
62966
62979
62985
62991
62997
63010
63017
63020
63026
63040
63050
63056
63063
63073
63079
63086
63092
63098
63104
63111
63119
63121
63125
63131
63138
63145
63150
63156
63163
63169
63174
63178
63184
63191
63197
63202
63208
63214
63221
63226
63229
63233
63234
63236
63242
63249
63262
63268
63275
63287
63293
63299
63306
63314
63320
63322
63328
63335
63343
63347
63348
63350
63356
63363
63368
63370
63378
63384
63391
63396
63398
63402
63406
63412
63419
63425
63431
63437
63444